$ANSIBLE_VAULT;1.1;AES256
35626330643736376439613733346536323139623865646333363935346435643632366636646432
6662643664366436663262653163613331333234663966390a613065333463333431343264363663
66333965386339373932636132346431333731353434343238306664653636303337656136323031
3166383631333039650a356630616133626331363931623239333266313531366537373064666532
65636336643539336433366362356537653663643964323031616265653033303539393162633136
34666133666430646632343139643561393937613931666163343038313064303838623935666332
38363134653463323862306234663333643137313261343439373536383265313333613034313961
38643534343466303465383533306337386464643661373164613131626533356439656336323431
63366239333966323632336465656462613033663465383330383935656330343935653835323831
34313039363036666236316232643866383634303435343063376137663664366463653239653437
33316138323861396137643032653134353235643864343861343361623632643034326230333861
63313063353261336539313961623030313936333166616364646661333364653466353535386364
39383737346366633231646235626437336534303539316533373438353661383435303936343037
34303636336563653539303363376464383134613532653363653030653466313838623632613931
63363862626633326338346338646535396539316461356430376364663361343736666333393061
34633662353835613366363037333438366166643566643734383237636435643732633634656564
3736
