$ANSIBLE_VAULT;1.1;AES256
36353335313637663230613234373463393337656265666134633365363936343137383162396530
3139643466656263323835616533666534393736323062310a326433666632396338303161323636
66633130663433663938386163653432616364656330306663653838396235343365346135643532
6438303862363561390a633534653735323933336633663330303432316661383433306338383839
64336163323261376332643431623031363435633136653961636561643338623331623330303233
61356266316462623133356462663638396530666261373232363637643839653935643532393231
39666234356637396436333264396164333834373163333938383030393665383566346465613061
63393662383765636461663038393732623361363037623961396237373662393533366565333464
64656135653131363836343136656335323130316665306165643166303264383163326131333764
61353230643037393837653066396638666331626639343538656561316437613339373931616434
31346266663733663062343963386364643833386634626663383430303961343264343237363861
39316137373131653166626434313638616266613230363562623535323363353837643164313266
33613463656666623066333064396663633161393736643962373537323964346361633836643039
33303134366561623332326136343634366164343062626362346532353762313066613566326437
32663132626632653939336139616534363930383937346539613633666163376565386261396562
37303833313938646235373665396533373136366232303131313863373531333632336565353834
62363633656535613462386437663366353464626639663061336461643231343133653262356234
63323331636239666363343739383863316364363262643965336231333565333266333636633363
61346531316165653334376632333336623934343835343231383061353138653065313135636236
39616366343166623166323562383063323966623339343932333635366237626432623432623833
62366663313333356266626362623636353936333734623766626564346431333032623537663765
33393032383362666461653234663532653635383065313765646531623833333836323737613939
32666430313437333830353662633361663566353462363438326537363263303739316637313063
35303664626464326365363764623231386636626639393331653461316361343930303466616237
36626565613139646466663636623138653230346130636563353439373136343462643333393435
35383162373166316365303262643862366365353631616465646238666563393862373135363365
63316465333434366138393565633366626532336438643337633330333635626634313331346635
34333466663930353961303533356266306566326630626533613132306465336133666365616164
31633536303238383137643864363632616333666132633165613837336462363031353363376638
35613930356133373936336236623234633836323234643261323865623762383635343766336361
63363130616538663861383964653039323265366263613962613930373265633664326438333837
39656262386661643631646565313564363762393331396361393462383939656430323965333734
66313134376261353062333431613230336532636637383230393666666266313135623930636366
31616536643837313335666331313134356237376634633539656132333435373661313533343634
65666339353964343766353830303535346332636634623934646237386638393063376461613337
64316365326138303230643430666461386138346536383063306464313838343934353865316364
32303131333363383836353036326239303865323933636264346335363835643566643562663832
31316538653863316134303239386536386564666230653264663432346230376565653832383433
30353465323936613462346430616237366563376465396561306461356638656463633038313666
30323237656337333630633235393933663336646163366361396366333138383036653232326238
33323533626136353831316461376633323137653536626333663433383662633037383066373664
36316565643930613034353436306664666561613139666661656533616437353863303361633030
33633232336539633439626465623964643866303939353335383366316430383565663034303066
31353361343664336361386438666364376263333466396562306231626265326531653336666361
35663232336132353862613635626336663336346437396164363233643561376338656634633662
31313261623436643432353434336239653435333366323765623332366135333564616261613132
63393662313163656435366536653838616330666232366535316134373737386334376236356663
32653439353932383761353431336530613132313166356531373834306461363631326263613738
34666331663235383239353866323532343930313366613265333639316465653462373734323061
38373330353164343139396134386336383265663564653639346561626130393632316332386333
38613939643664326561353439363862306139386364643337643664383835363465643939353362
64643266653765663030356163666466303564373162616138616465623161623361316364356638
35313365646630316530333839303532343461306531383638303563306134613036373364636238
35366366646435663739646435303236613534656133363563396131643736396532303761346137
32343461323632643863633030666237363463396263646263666261326330306263353135326164
64393033646338656338353138323731643438653036623131323961303439303335643237343861
30656532626661393763393439363630626237323130323664623632333736343963343333386663
66623533336237656139326465653339636664303638303631313230633631633232643564653464
65663764643534336463663735643735633466363632646438356165323035383662396365616338
33316633643138313934366335396539353234343430646538376339366462383466313130306631
38356366623138346138353333393263653532306339336236373630643339356131613439636635
61646336393933643761373665656162653066356533393537313736373931666661653834333135
36666363386461353032373535346230373666303833386363363831336138313834653437313863
32363165653765353137376464383736366130646535653765653361653131663462633335636532
62636533323366633139633961663831613066343634356139313132303462643764373139383030
65326431393534643861353139616362316231633932636237626137306566326562346530303661
32306364653265326562386365643036326436653761613264353564303331323935663661616638
64646264336162663836343566393330373661626663626538626433316335353764326164326139
31396437346361363138333131646164323231393431346364316632653832346436313838616534
66666462616261343465643335303166383131643837633336323339326132366165653866643333
33366664343736303263663130313038383466393162653739623037613431656334633065613266
37366639616531666361643331323461316333663263303435323436363963623433316362646566
34303966346266643135386139646362613264313565393966663137393665393930626165653736
30343162646231333830616535353138336130353335366363303662643862383365306531663036
64613264356363356339666233373836383763666530353865396362633662363136393330366637
61633430623337393535643435653932366538316464616561306163643862653463633135386564
31343861623732616363656638636164383838623039353263373037373863353237613662636531
36313864633633373361356134343662366435373838653836393961653164316537393438643664
62613363373065343734343062363036626438333730613139666561653564353762333134333464
61626462363264316639323933363135316466396237316363343234366463383730366235613337
66646230653463356663383065643937626132303238613763373530306237356266653165326635
62396464643836396239393031353639366664323066616663623965323564316639626166636164
33363465353666386139616465646366613934373065383030303136633634663138396535646135
35323734343938323038396361626534363861386430396165376532663731336365386633373038
38373430343731653563626464636431346535393365613633346161346662383434663037363364
64373263623465653263363735356337373839313166333866633032383262663631393232383863
33376133303566363134356166653762666432643834613833653762343835323462333462316235
38386336636636623634366635346434326365326131643531353762356164363934623166393633
39353032613262663232636337363336346237626230306434353066343062653132316565373339
62643834343965626138343163653530373332623964316130313266616130393635393463313635
30656463353732336263636664616137306232313864326266643264303862666430326262626537
38343636326166393963393061656161313165336231383262633961393234656435333330363563
63333839663666613664303965633164326137356130306130636438393432643761633866613565
36633162323962623636623635306264623261333537393966623463646334343836643838636662
32363439343961656261336230613239643736623139366530383364373136363165373735386538
66626163336230336564326631363331316463616537336363613565656438656333316564336438
36666630343237646465366365643962623730643563663636623566653362613435353035363531
35313061383130663931373431653737316635613837393439303638613231323630643835323964
34333266663431376466376130363464343039616465343065633637666335386336393438646264
63613238636461663161643862313936306666383934343132303265303038346339353365353634
38336665323736353336346233386138333635323135653439613632653031373030356530353335
38363063356463623738663132623536383864356338306238613736326235366230356138343237
66386439366333346665663364626463646334353866616338613236353762336433336534626666
61376162346437366130616464303739386165303730373061306633643662323561646535313139
38376238313834616532346136316534333438366634616135653634656262643535666531306366
35653432656536396632316463636532333762326461343862643566666639623363646338353132
36363234393862316636613332323534346161613830623338633035633432306362373832653734
32323630353438376232393839353737663561356361316534626562373033303264306665636261
38303834393437666431376639346430383431613466343236343831393062333535346164313163
64396266363432633262366436373030363665323635633364373166353433636636386163306462
64643932633337396134393235633630643133323265663433616362356135346565623637396437
61623362666464613435383730306563333333353961303866373462643337346630383833613635
36373264646230613832373437346430313132326464353533346566623333323761386431393130
65323430323739616432346635313230393138346163326562663861643738656234663039363864
62316332653261303134666139343134393563346264303566613238383539353133663661396534
32636634373639623834316665356165313936373863653736313162313264646139353261323265
39346663663331303333356165313930393365366566613561613437363338633963343964333431
38363336393735353966343233356333643231326162656133623663306330343433613433303731
39306664353165386432666465656433653038643164393864366631626366373431393464616633
33356439316234336264626266656566316463613637626535653463383865623736306339633830
34363539333530396336303635326532633062343932613936653331316566663835663330336137
36356266333133333836356134613138656562656631343365376533336265613065653466343631
35313564656664663333643465356334313236613339343931303931316338363335623137613664
35633135386638313134616531343831613436633565646531663332623032343863326430396531
62373634346439656534633733643664633363336236316236666332373365656434376661656339
62356335316435333165343465313663313331326337643161346564613661623465663961616633
37646331373034396534353633663833306538353034353231333133313862656165373539396366
37396530633365353165333935663939373565626661323533323662646362313330336366383362
36663730323365643937663538646664336465383932303835623166303731313862623331393261
64643137653032346666643630323037306239623339333937313337383834316466626361643366
65396632356637353966346666373637613637373639386463636136366562616430386237316661
34353464633734663530326430356439623962363435353638313335386530643632386636343937
66663862386565613463393530393264333136653866663338393830623233306132663439613238
34613833373433646266623863373263623465303639346237623132656362316161633332643138
34393861663431306361613565666635646566343638663334376235383538346336323433323736
64323466333939613636613737383932303639653233363135346633336666326432393762653530
65313061346666316361663231393632353438333133663937633036323939346164633838336438
37626133326439346534363766373163333036363637313432366261383934363331366464656666
62356235356262363330393935616439316666396363653730306563316336313730323636396363
31376163313266316332353765396362333139393531343432323037656437633737306338643432
34633161353936386161613234623434383230313832346362386631623164326364326637396239
39343464343439643934313036333937336162323864343764666339393830633232383233383732
38643538383834626138333537623832366630623436646237346664343636333139656261306239
33653762663766383937666439303264386538396330323363383962373563313434653861633833
30343534373162333336356566356131313136343430343963613932666534323865373434396465
39626135663761646639326563396332656233343034333961346131663333326635666539646463
37346635363862383062323836383032666632613931626534356632386338336636653163383231
62353937626236663863373133366534353964626439396638343331386530333661613837336239
39396533313866366661333461616465316264633361336435323736383137306332323663343865
64313138316633663135646637353531356465383331356662663037303461643466663964393039
61393237336466383734323466653361636263396463613232326438623737646535336361343834
32653434663061656130613561386538616361393466343032613430376533633865373463653463
62363738303661386431656261373333646139316630356134663634626636326430393765366161
35616231353662313164386463323062313535336434636634393961353865623161306533383033
37333731316366346630383637636234353138643235333131333536633262356638633032653661
39653531333230393332666136303034663636303835656463383438393735323133343732306634
38303562336633626432316337613437616466323733663336336537373962373866343533643136
64636263396564303635363465376637333065383664616266623962323239663361646135326464
66326366383931393064316630306334653838353664323761353064343737353630623865366137
33626633643064366263336630643033363063366366376464646236306538343733353037343633
63353366666533383332656263616333343834663836663464303533396136383231303266326230
64333366626434326565623837636265383961303564373438613634643036336361333330383835
31633063393435653563383335386638306330376234643831343665316435663733333564303930
64303438303239616163616432303662623233336562376531353533343631323937326666616338
66613363333366626238376537656132336132356532393530366639376632646632333630623432
64613739653064323266353137366631376665373035306364643537646362386666623863623362
65613337396535663030333933396365643262326137653337643062353939356133656264323462
30393138303963393535343861333433303864346539366337666163663638623365656136666365
66623734653138616632366164653633383732666233363536316236326666646138323866326135
38363334653765396263366231386238666638636232636361366439393966636162663335396561
63333861633461633462346431316236326664663339316538363534646165316538356461653165
36666535323564623166666663386131393534623134626435346336383432323230643337366337
33313265633562343639626132656537643964366462316562313966613538393534386564616563
66346661303161653231333533653166653661613630383137333530373564663765613636376632
64323630623331623930646430313761666664643965643237373236623136356531336164396233
33623532303935636130326565356433306433376139303231386139306333666637396534636435
31306237613034336661656263613966373238363638376166653233326533346532633733633534
34346539613138313434623933623462366232346134393230393432353865336463343362663833
38343934633965653433613066313237663266666233303935643039393861333834353338666633
32306134323338316632623934613737376665313732306137373364613564373733373931386133
65376532633336636535333330313732336336393431373834663835316164326566366237396461
32613539383264633465636465363332396365666432396535633065646636313034623330363864
62663930656236643062323538626239336539623136393632336537343336636131303233653532
39636639626630343362613937623561353634653736613632633032633830313539376465356332
35316237626137353566656539353965643461373866373161346433643631376661363566636238
33613837373864626263643137666436616135313961393564653434346538323634303732633932
31366463613532353233643863376261386433333838383330396462633634323233636133653763
63386430386239356633333330363061326430356134316533373664383237333633356539383531
31313266613931363164323634366262663931636636353762393637333833343131303536366565
35653766646433393933313333623734363637363363343662356138646333613434376236366538
62623062353363623764633633663664633335313235336465613739363064653762646231306232
61306132313632376138363938643838333434313630353131343363653966633337663166623237
31623665643366326563323634366236643033303263346637356339383237316335343266636465
62363832326230643533376466393531386235623461353561353439353634393562616338316438
62303739396435613131666132626362613831663938303236376139663761353535303330663937
38333638323562313833623039376133666363386334313961396339333038323238626261363763
38376639363663376230303032373233346334633731386536643262666437386163353738363162
30333564643263643537633633386338626135303030323663343933376531383438356466393866
66663163356334366130303664613733316565336633656330306533323666376630373939633065
30393861343832333434366234663533356634323166383936653365633136356332666364666232
36353632363131663966373763343862333366666265636265666164323838653263323964663635
62633937623135333439376661346338616562386163666464323736303165663461306131326264
37633831623761306530663262376136363835633732346632663065346431623533663832326663
61306338343232663530303238383538343537366533663336333338633130343532343836623566
37323462613930343731333965393161666666623437353733393265326235386638356339353039
32373863313539366636626435643433346664343865323730633839346638306363646434386261
32363564386231333065343861663930373238363231656235313830366635656561656264353134
65646562616161393437363637366630316436343766663434613736643639356662373664393431
31313332303138626132656161323139643766353734616430393562356536626538323863323631
66663032663364386135303239626139636162663334636436313364646130633864346664353233
36616335396632353131373564343835313963393065656562313931646530623036396534373866
39643865653437366164636530646231613335376431313766396133396431343839313863633738
37306235313162333639323663343662306639653339646239623238613637366338663539393233
63383266363931646233323133303130346566333438303835366333663539383639363266663035
34326166616438613230386232383734383630616463646261373436643966623234386638626339
65613132376536383534303433333363643231353463396466323538336234646133643335643438
37653535366532336563353231343831323730663731363861633562376165393565343363613134
36346630373236343262363264353864386137653534633431653936383263626663643964653465
31396538353230323938363564346630396534303638316465343830366637633563366430646465
64363136323332623934336338376434373333623931393366666639333433333862643632343530
39626135363766643362666230366364383239633565666438626236663861396265393161633734
36323937666633653762643639373337333136383731363664356438626238373335373262306566
38356537663064623964313231363536346333656137633534623766323836656265636235356234
37623937616365363435636431326639333135333538623263333935376139333832393038643163
31353935333933383639656665626366646164666532643936343438363336323463613139373066
38323231626666323463396563666232323335373131383666336463363037323632353137613966
31333639613738323637626538316438356438653330666135396439666236353063333538313766
31666232383062633565376261303438326336663439613861633836313062343930336339663937
61653462613462386435356539336263666430653031626230343464336334353261636430633165
39666338336363346631323233393935376162623339356638666435666639363536626462326562
38333461663938343035376333653634653938663836393563616666646465663734653135636165
38643935343264636430363536663731376538373039373263616637366466366165356466613761
64643932313634663032326434383632383635663161393230303333376632353732396131316630
39623830663366643939383333643363303539363437663436656363353334636431313032653439
34633534656265326134663833333738343433333061613965643562626139663966333934663032
61626132313962343331316164373631613262386265623439383731303466613037356633316139
62336536376132656631313466333036333538346136373632613761383331306566386334633062
66356661306538343138303530623336366465343861316465323835346263333561636131363633
31623335613734313062306561623333623964333566353036663661323439636635363466376562
66633539363463386630333865383636653137346165396461663035623961633561326435613839
39663737333136626630373763353264346565666333323339363435613061313137373431303331
32393236633037633832376234333164663731333534343664313866326236633339303365323933
31383335323762323464366334386335626666353634383066633731643938653238653535643262
65663633383830316332633966333530376464303132343161653063393831373437653631633436
38626233613430663234646564616232373838383437396335333064326462623530356364363932
38393736656664663939356238376134343834333064373332636261383563343833646133343835
38343761323939653938373334613530386132613537653733626138323763343132333964633065
64656630616461366637343136323930363430646233313562626364653266613737353662393366
32326132313066366536613130653439323730323461663438663131613131373538613666366238
63373436383765623737373866343837666666306164643463373163613161306631663533653336
36363962343434356133646436363863326238613538376265366331313232303533336337333035
38393762643762613062366663356436653737333630643539313636386534353037633732313333
61396266313731613937643339323034636330373764633164316239316263383463643363323037
35313238653039616234623366343665353434303636323430636236376439616530363635346134
34373065663963376562333362616539383533353337616533663032353832366437616631326239
34333739333135616332306366346634623265356563353235343838646663396636323462613334
30333037363639316663623236373431383932373130663334653066656236323830646438346465
31346566633234613839643638613235353636343263373837376566663937653535326361333332
31393034613837656334636262633464346463643632393239363736393330616237326235646462
66303964663232613039323963646430613461653537356463616135383961613938306535336438
65303638343033343535386232336131323535356535353737616436386234626561393863353939
38353964666463306534323237366633343336656564306364383364363963313635383131343531
31643538366534656131396362656338323334333261346530323434343439313631616466313632
34663933356665633336393030666164323063306534663732666162363664653435663663643739
64313235626634613664343333663335366439383462643262376534666133363139303361373235
62313133373635336538393766623039383264316465373938333834356430656338623935323564
34393437633536353966373936366535616664373439663731386466376637666565363566666465
38383261303037386233306331373661303438653461613432373038653362623035303365343239
39363439343431636139346437383261306332303162616638373331383632653864313939386563
65313836653063653961336532356264326634316436356235326266323632613662656661393830
38623266326433656466663131623431356666633535636633643533393538303834303833376166
30376632656233326139653234363462643961663361356335626164373031616530363433316165
63623930306336623537643362353437353532356332633638333662303531333965616365663561
62336331336131336237306265343232313934363738353564623831343366326562633436303866
30343335663837353539646463653964356666313035353435303835363262656337353533343136
61643338343437376131653236646336343037633065643765393061643836373331393732396136
35336138616265313636633736356563633439646665386236393032306132303065396238336637
63383739306437613434323737643038666264386265643934366633353934666538646134313635
33373737656664386131626231383863313863373666313336366164363333366663303136343464
30333338353865313834313231356630633165366335366136333165316461363866303932343961
61666163633030646234643837646166633438373532643461356166343731306466353838396132
38386436376231336634353662623935386161643535333131326634373436356235303939336565
64663432373531383439666337303764646465663464663438666365336464363466343931376236
64663061366330656232356532353234393734636265323432323036336462323633363034396137
37363230383839613563656464303362303939373333393733376564366266643131613139316136
63653032656631633432643963653134366265656164623464303736356566343965636237366239
33666664366534656538666139623366336436333631636235343261336432336633376666633936
64653765343133373166666361323834316635666632626165333165613638306464376137643063
66613166343631366532393330376430663935383062336234643233366530396536653231656366
39373766386431633139363539303832663731323766343838383936346461616365376565663661
32313033646138363639303138303462383034353630393863373437653338303964346332613832
66393862356639636637303561616238656564316438643065666564623363633139613764333236
35346164656136353664313532623537393963623033613231306139313535326630326230383434
32303061363063373835363534343231316462356536626262386139303030313834653836353333
33363662303662323335613963373337306339366166343963373538346434386266343962303335
33643236643638383863636466663932366161643164313663393864653261363963386261393132
34346634653730616465616234333338613831323133303835313961373462333864313236383466
62656464303839323333303033343534303039313136393233376533373038643933373961643035
37656165356161303434616166663666633932633530663838363839633330336131633839353465
38326633326665376238353534386333376337313363623430396230343365633736313738613635
62633131643166303066616161323165376339353036376634653036373461396334396161633835
39363664343530303434343033396538353937343336633864316563356364333034376239633933
38316639393837326137303039636365663066303266623137666639393532376364326139393139
36356232383564613232336438643232383361653736383532316539633532353337366464343435
62303139323561316338343535636438303065323139653161656163613136396665356261663535
34373534363664376332636438633962666163386537343536653932653561346461663435643066
37383532366663306630656338326133356666653638346134313933353338343431663137303466
35633332653865303262386336366433326561356161343336326563396430346337356534623665
66383431376561313334366132386665333133613732653337353636613830316339623761376237
35353063653361643863376331616664326266653833633962346261336330343237363339393532
33303263353363636362663737653565643864613665353564383732663236373736636639653238
34623562386231636538366135346664643962326633643537386664353662653564666461393239
35396464633961316237336336376262316538623133323663393932306636353930613832643065
35646135333333313230393239636639353437656133323932616336323961336435323064396166
66663934386531323064323530656562303065343632633931326666383236663937333836323933
61643065336565373932343665663263653666666535656463346364633237346133393936646338
32333837386636316332346237626664333261333861646639663764633831393063313035623034
32636439643338323130343735343637343134666237383438313061313362353834643965336437
63363961616263623933613436343538613032316632363565623930633134336135356466643332
61353864623632373462343938303838666136646664656630656136323037313264333435376663
65363466646265316161646135363833663961326630616237343337366235316162343865373134
30663731366665336238613762323236333866396666383364363138643263353662383035643066
37316365366436666434363766303861633161353339303065353661636161356162663837343836
36346134306263663438346339326238306136646566326239646537646239336531643831623430
39343231613439663036383733326566616331613334363463393062373637636332303066336262
32626266663635376635393861653931393662376630656262376434383830366437613365373762
37353136333237643662316336643236383335306535343864633366353464393264333563376666
38313232366239383862373063623263383264343237386634323736313565653437663036396537
30306233316163613861363938633135653031356566343736663032303433353034656361336462
39393339356636353863333963633364323566663638643832626132613463653866326434666262
34623131623135383836306432346564393832356637353234323965326334613262616332323836
32363032356361393862633336656233626431373864353166653065316535666633633434326539
65636164383833313862346161653139663433663636613931303362656234333130313762636364
65633638626566656231313364303463623961376136303365353636366432306633363631373534
64373632393035333439666130653933646237343331393234353039396562653762323730666165
66643730396133303936303731623535633965303633653830656136663632316530363162616334
33333237313538666461333866343765303835346236316462303665653963313538393362313332
63346362306166326437633939323462663739373033316464343932396461663731386435323766
64323831343065383365623566353365666662393031646138623265376162336362326637306133
38363530346139353333356532306263313961663264336537646233373032303237383730643939
39393765313334396231666265373162663566303537363234613137393431363437396166626132
65326630316130383737303032653233306439333736383733333665313566396162313230316631
61313330656365323362373738616261323162343863306462343733643634616562383263613931
61393230633262333363623333356231636264643137396331616230633532333462656336636332
63383736353733386365623331313139633539343230616437353931643931663035663230323432
65343833326237383833656561636336616430363265323531643134636362336436386333383331
62383733356232303663393062323161613636366465333637666633383635643037623032343262
61656362653636653265323261363131323539323962613534646666326538323334313862663837
64663635383464303262336330383239373365393438613837353761333831356238343234643263
32333330353166653263343965303834616366363033336564623936366239636538656533353236
30323662343333363035353532313363373433663762343236636533376636376230373864356434
63666261656163316437363936663132393634343764663863306162326464393765366463653734
65393539613965613461316337386335326231343630613964346566643333336536343266306331
32633634626466393465633037306265393564623734306462373062373337343436383630333839
37356632623662366463623133363539326132343835653131313161303232323931313164613931
64353165663536643131353366626233383132366130373230333965336261343732383733643035
36356433313363383637643634666431336466366430623466366433316431363432643461373239
32303465326163333161356263313561313062316362633962663137396430656534626164373665
31323365306237646534366535386261343662663132613432353836333835326430646462636530
62623866623863363633653937666530626137613931643331383039366331633765616138613133
61316366386166303665336233353462343734623937393136313961353138323266656462616564
38393966326662386230386661636538646264373834316362376164323934353066356636653762
39333339333637346165616664383232656139323532306662343534393061653437306231326336
38323731333961653264303163613564343866653164313661616233633831656331373035663038
36363631626637666233663363393937633338616262663339653231653663326430313366653233
38313761646330326632633665366464623266663662303566663131313466306334633732383834
30386235326664366462373861636432343636396566323466333536383430383336646338646237
65303362623733663934313535636132636535353332356639623330313534333862626333646461
39663765306439633063636263363262323465393365306635376432353031393363313534353266
30626532303861383131343931326632653934326534663765656331303138373362653363633135
62626133346234316131663630383031343136633938663735383838363834646437653936666532
34323436326466363265343764623333623932366364373133363038393532343232623835356534
65616536313936646337623339636262626262316662346137386666653938303539373233386639
34316134333033663131313963356330306230313731333363353264353039626462356336646531
62393162323833383830373430623831353766303636623038666236353530333130666435663464
63623430636638306665653263663931363461353364623962333065356234623635383935323065
65323261326366623763626533383333373934666333333266616138356666383165633666366265
30353232313937636531646165356436623764333066376461646534396461623331386137333531
61616462396366633364363365366662666264363766386334303730656339343936663630373435
34363534386635386436323435343165333231646363383032383034646232353866316431333836
61656266366137313234366336613735653838646532653266653836663164653435303962343332
65323266353764353066373139623534616562316234623130373761373164613632353239643939
33663139623531306262613232613233356364623433306631313331623439383730653930636465
38613839386637346131333737616130623439656534336263393334333036396539663537656339
66646139363761333234343462333535343165313333336432356263366266373964663938613034
35376136336362333334356164653332343335623938643638373461666435323538636335383631
33633034653739393331303939353466323564356333623766316532366636313033626637643663
38376535356235303530386531316637613631303531666631353365366261656662333366313061
36386531663964663038383032313837373334616361383334313732656135356265333335336631
31303462626666313434646336646664333231386562636430326565353765303832373330646131
30303433313334383866363931633465363663333566363034616337353664633638373563306237
39333833363666363763656262623030636332393332376331326466376630626364383634393137
64363364633830633733343765623330333238343761616632633639313432343763376666643561
63366564643035643365313963366439346535383036393630666364383461653132303865373738
64623466353332336336306532663237343031633263386433376339646637383438363762393833
65303863356538386164356637356639383835326334653836646438316330316663616536653963
39653633363130633632353664613131333039613738396133653836636431336161373731646363
31383566343031613538343532623232313136383934623538333765653163393364343561333537
33646237313136663038613464323632623461333331643364333034323037633135373530333635
62333761333731633162373964336132363831373136366265386633333138616139613461633833
37333036373036653037396639656263363737316263383234306365393765363837666631633432
62393064623233303737313336313834623463356237393766613562353365353565653561633564
35333939313631633137373463346366383566666464383064363065313462306661326132366130
62393064616537633965636564303433366633336238336234303363613332303063613237653434
63346463386430356636393565383766366265633038373966653832616264376665613930623934
35376261633431633830623135386661336264663630643334396431353965323139376534626265
65333032663362323965663734663138663238633565353031306663323066343431656531613833
61303066613261313331306138643166323964666132363236353937336136386632623236663965
39316330376633303730633831313033633563363864613334646231343937336331396430353861
61323934663733376331613230376133396432383634353332643333376237666532303566303139
30643738373438613065333630356264316566303830303439663836386530656464653435363835
63613433326665353464633061633033363436643836316139373766356266663966663833626338
32393630666635316431393232643237343330613633336336383466373365636366303335326565
33646664353434336139306664656262313133343634316263323638323137343831366237376234
33313430363233643461313234646361316163623663333531306530303766383032393761666462
34646532333665326361343932396435343066663561626163366532636637333533633138373833
39646134653533326631306465333064323265623164306466303436386237623938383633613861
61313532326362636130663764646234383031363635363639626137333765356135383463353839
32303336393738383936666164323366663264363039643236343762656539633438663366646164
34353165653435313134343465393362306638336231353062356337303930303062353136613438
33626231636566646137326236333939343639373734343761306234356233663164333530353931
63333666663036393365616432386434373530393234303366386439613363343433336133363463
35326137626466333266623064326232383364333066656131323334376365623933386663653234
39306633623866343561636134633532306262653861373133636438646431386333623234333938
66313464386265656566383262663365336330323866646366343434363833633563616561616561
33626433653732383837326435373039626435333130333738336662613862623037316532303838
39366337383432346631363931393639363866356138643630653934303463643738623333343234
38333365373163373565353764393762393166343139616437353038393135646635366433613237
63313939386435336635616236633231323837343839346535306466636337663438393365393136
63306266656333616135656331626238363337626234656665323463366535376462306464636264
66383761353533356661356339333666653835303563656134623639346134333034326237346438
34623033333365353365636563613366666536633739343236393836616234396134323034373536
37376632373763656136643238656233616436336130633834663964383530303239346133323537
63643766643162323437383435323365353861333764616433313837373736383032386332613433
32366662666234333564323064336632353439383338633133626232623163356163313230646161
38313063616365366364356336353331623937343935313635613939666261343166386636613635
37623662633163633166383466376562633936633764376664303162613737366536336263613334
64626332313837353932336230353566303261366532356361396235653533616264346233303833
61343064633663303737383266376166396135346666616434326565636364643836343637663462
35356361363134303362323832663461376261333562653265343262613233613634666637313362
39356333653862386330386662366134323262633039386330643635386333636436343032343537
39633461646236333139333030653633653864633032383165396464386634666663316164383331
63636462633563656565353130623264346237393939666133306365333763356461316663303764
34393434653139646436653737646237386636333332643634303539643365623663633635623061
36316230666133383966396161373632373938373230663363393862623838623138653263373135
61623763313932623462333435616533393866386631613133353735303438373363363535613266
64313136353562653938303830303530613536616564326639386266396430363166386233626231
39633239363233636135343838386364353961393566626231343162363865306261623662396166
37383464343630346565643262333232363032613364653838393365306333313536663837633366
37663035373238346137633365396433616662383237623463616562653932346664373464386235
31356230636131346563383661636333646666323464623437373233613161383465623637633630
62386464356330623332616333373866323231363837636264393261303437636638323432336338
33336238643036633130316331303637343363633434333035336361656531336636383265653433
62653933653763353331326534306161396462333932386134633462363131626531396463616339
31336363383265346666353239303561336562353635306331613865306434363561626237373164
36383139643266343639393232646264336362366537653735343435393364326234383663353437
39373837613334653435323063663935386365353664373435663737636539363636383533376532
32336462313333613835356634323836356438376333323938666162626561353766663436376131
66616462316433326139353963633633353631633963303762623163663035396337363430383832
62303033316561316431653861636334303738333365653761643466663365653936613162336166
65613032353932316235376262656136373566366235343732393539323564303833653364386265
66643735633037393765383965323339663330343835373538323532663234613433646262336461
37313861333338326634376535316133376336383565386162333436643833653230653161313938
32616466316462663733346335643762643836376262396330626161363766626562373438323261
66646664656166663132613934323631326163613966353837626133643136653963313735316135
32323932376634653333356237396435636331386561666135643232363130616664316338373135
39326563393039363831626361373038333331636466613461643432643862666365666664376664
34313632646632613438653532336631306331373036393962376136626238396634663730666466
61386538316261313033396234333937313262653865383864613263363735376134653939366535
34646535633862633732633137373737346633333839666136393761633532633933333039653965
38613166333939653365346530313839306234373465306531383134326365646462663433373336
63383664646561373336343130366466386463363437333733663962323835303736313363613063
31646566363130396534623137316664613564653332386533626165326163656562643961616235
32386563646234356535313734366232393662343431646631366561326335636437346163323336
64653635623262316262666436623563613039393139643333383130646235396630663862333466
37316135643262333461623333356365306363306630346434346631333935336465313662386131
32316463616638376661633039336462373564353937623531383835666132346666323636626266
37393865373037313138393163343163653134356534623835383137356431666336333164666131
34316438646635356631396633333865303735633834313864663237313130666661636539663537
63363265326135643832313635643864383132316635393765376238656232353733323037313963
62663236333862363337306565663934353930373534643630663938313534323732663062653437
64386362333936666338613161356663656436303364343739383237376337653139663562626663
61313865323865643636376264646430326636663938396337663338613566393232636364663639
36376438306361643664333031356461616463646630643234363830323035323062346334356537
31626535623830613966613961366632396661386635313136613631346537343533356537663637
65663133316637306230313565323961356163613036366163623333383932336361343765346665
64383936636436643035643866653562303838386563393364336138313037306134643031623930
33626565653236333931363861373065383262613466636333613433643933383538656339353436
35656535646630613862343433663533393264343335643738643462373032373337316438343462
38303932333737626533333233373564613436363866613432353366343033313362373238323062
62363031393435613735393934356466343238376537353036636538623235636636336639393264
37393661646331383435646361656634306235326362343363623232623134366166646332346130
35396438643338643962353762613664363764353930326565366366333133643931313764323731
37366266343032663865386263373861646336643265323037623232313930316239393666643039
63646231393032393733633239393261646337356336633966353064393133396536363136366661
37343966633433653933326536336631633334656339623439346338313562343437623164366534
63353035373237383432333936353761323532393466333336313163353531396339343630636533
66613763353663656563336530393061356663306264383561326465323664633532303563663138
31626466343931386237643430303232613836303465373464313564356337363864643334336235
36323237396563383532623761626632306465323465656437633563633830656332633762633663
35313535313563656164623633383439363166343230353231663365653339313434303938653737
61363033376537316137383438346261323431356361643439353336653635613131393537666239
38666637313632393734383262633736633230343235333239663733356537323037363839666565
36646133343032376236656165643934366436613864646564643164303533366562646138363261
38313466636263336637303665323663356665373336386130316338626439346133376265663465
66343137333933353734336463326239636463356666613939353665326666623436306337656633
66623331353030396165393635363239653835313732323837313563636262613531373232653639
63356339643736383838383436303964383431636563323664646133326462383263393433343537
62373035376434356438393364316263663337343839326538363937396465643365376635336562
30643966336336336538613937363332623537393331316364383532316663616161656263333236
65663139613063663966626136386238613862623537623130643661393464386139333932383035
30313530393734646461623863343938653231643535343861326162366462646232313361306432
64343038613763623630343731373865653138303836633263333365303032643135616633666539
65393538306263633466363036353739336339393161346136353434636531306237313730323266
35333762316530313031313961376434383233666639346561346130353831633139623039363935
64346637323530666634633061346431326437393230636566663663663138313931633833616331
64343161303762613638646338343231643766663338623333623334343830396233356338646539
38336132663561356238653730386337663364376137336335346435373163613564396236333964
33336636643263393462323939303366306366306339393161323062383637313366383136656339
39376237643637663337643532333531643565643364373961666135623931636564393563323038
61386532613135343363626232616665363535373632323134393561623063646265653333326635
30636438303232383030366261393833393364363134336461396263353064396439306462643533
39396263663639613233303263623164646232666461613964333134383661333061353233323632
33656662633263323065326338326566646362356564303161316365643664626537333834383033
39343964636261366435393736646134626534396339613831656237333136353734633562636532
33616234366533333939373063663266323231346233663932306131636461656464356630393466
61643961363066386439663632626632633735346237613033376565303364333439646333353434
66323336363533616465656637396436326565323532303430663663306235303737336564353039
61666235623765363464303931633061623732653132333863393832343933633439373035653737
61666336656136373839663764323039333633333664643963343261303036616465333835663339
38656137363466323834343762616664393936623263653034646130663062663536613835623836
32383638623538363735393133643665363963653266346362653633663036663133383462646166
61666263386231633034643366306638393933303665666361626566663435323439353935373338
64323130356166333533613565636132386664643936323636646233386663373461386632336136
66376231313164623232303839316538303436343138623335323238653861303438666463666333
62326532376234386634623933326561656432376238383565653634306164626530623264326662
35343239646465343438613362643232363433303435353031626263373462306538356332386538
61373962353430613566393238303866333631643262326363383534373336346264316266393138
65666339343632383230623564396662626266393830366537663135343933366637633932393463
63633962303662633164316332346462323837336163386438666662333966343863343230313466
32663339623439386531333139626464623334663666376563383835323834333861326364643936
37336263323630396234646230323339653036386137663262383664383564336164633463663131
62323535656634633561386661623637636432633862393335333236376561656235336263383665
63303963656630356234623234386439646261323332636538313362323264346338323065646364
37616130386133316534336466613562353533653436636266393334303866363734373237353033
63316562333932303937626337386365353430353066383562613131643839323263373136393839
66376439373335373562353932316531356665616132613863363264336239636130373234636366
36343031333965323133353133366466636139376438353166353935346430393265323138323965
66663663653862623665336261656261646330363534636666383366633937303230666134626630
64636331656163373764326562353033316430343938363339666132623239636537613834373633
38663833366535376636663364356138333966343566346433643031343765393731346530383234
64363165346565343765386565373363313437363063383736633261633364386262326430613532
38663234343764616266316438393364306164316436613565396637353662393364313164323934
30303839333232356237356338303362383637366536636463653761623366613166663131626639
34633566663861636230373733373562383462663566653239663763613263366362356161623761
64313665313462626131306665363932356138636664393030653261343834373563333636353830
36663362386230306132323862643763613030633839386663353262376634643636343663333336
35376430613332373965393665636561663839346439653131633361643565333034393938346664
33373361333433623934643439636135336635333830646439383534393464313561653736326232
35393834316630316337623038343536346139623665356161336237336262623664356339343164
64313434363032663137333538623634663965323739616466326633316234633631636266383133
34666465633739663138656661336135356635616562353165376332333466353661303633316436
64623938343639356134343838633933383263373738376537366534393863323235363761393639
39303961363938306138393135616238306331366461373939366461633432336635643133623561
36633132616564366464623339656330643230366532613332666666623137393334316433393239
31386435646337313038623332623539333730326335363333376632646339343863643535326539
30393438343035613264653732303934643936666630646137613938396563373165313335653332
62316662316565393139396131646635353266643133336565363439666462346433376562376239
37626131343261353535343435636531396538643539333238333638303231616536373737393836
64386364653539623061656233353034313965303932356435326231323838383333646266353364
33616438306165396335396561613764613535353966363961356561613930646361643634346561
35323932333133393137636363366238313937396562383865333237316137333063393830333064
32306632656232333362303039613239366464653830306230343163363035383061346531366534
35303433646230343939356263646166636632333364636630346533316465326134356539663166
63386364333762323232363334646437333663336231303165333566363461326631393036326466
66313964343133393064613065383032336130303530616232323037393134353066643835363232
62356565616534333731386261386237373463393362346530313565373939643035343637623635
62613564393337643838616161633661316639303965313461396364383934656538323463323130
34356434666231356264373662363737613938666634343461383735633330616136333865636530
64656562613362306632313838316439613566356237613933353639366166343839623563356362
61323933613330333239393838393932393861656431326538313863646531396431333063323831
31346362316161343637643336326431353331386538623865653934336561306266663335346239
61376233626536383831643062343037353830613635363836653432653630303633666662643436
33623562313635393965353736643436326461336461363430346161626335373834613633373763
64303433346430666564616231336638636461323065393066616663386564626161623765313361
39303462656636343164396637373433623137333861323466393832646330373666663433346336
35663334383134313836656631396364613234363530323235333535313864333535633665616239
34346637626436383062633130303232363564613432313731336337613131353665373131316163
37363239393636303533396236303733663737363865633830363530343538376366373231613161
33623836313539646365646434373666633534353063633362326537346433323232353061303537
30623231666131353132393166653839646664396432366662393834343664656665336137376364
65393036633935346461393162356130323838363639623966346263333036376236323837316432
36323131346539306439633838383237303330323230333731666237653036396337363638393737
61623338343666386262643435626337323835383734366664326434633861306433646633383661
39326165663236653666393735646263393036656466613534346334313538626563376165663766
65353366646530393032613436633336643962333236383466353164633166356636346562353235
39623761663637623761396139626364333664306661393763653534656466336533653939326161
39323833633065393464373730643731303933363365353530323332316230376535336237653966
30373063613633353632386634313565383533386532363064636534313066373363313537616332
62303931343466636534643361333736343763613639336531333832373337366334356531303838
39333236393736383933393839656233646338393931643466336431323839333737323433633161
33376433383334653238303066356133343232353330616237623436303462316161313338623661
62336664653262346237646164323766663563336530343036653063376337366234656361646230
63643839656163363933623366323232653263613736323133626636303136383463386561303763
38353462653436326431303631613032363665346435663730626365636161633237333165666338
30393665393761643633353931613632383534636161353030646430313166616430623934396436
31643032326664306630666633626434636662386633363136356339623565353464626633346465
63633961663331653930333839303066386431373661653062656664386232623935323937356265
33393932393563376439303237343231316130363837646537383362626264386135343663646239
64363336656639656465373431633735656636393362666664393930656538363634306435376363
65643230666539333966386336376633643830323038636637333739626137633439346362303436
39363138643436376161323365383635353236663839623263646236633561353937626634656430
61636363356361316666323966323161656135643365383133393535316366643338666566336232
62343838646462623866353632343863313866636662646236383931623338323131323336396135
38326439636230323861376164303066616430386138636165356634373463323162316437313235
61363238376361663130616633353734663763353435303839613339303165383365636630393366
63386664323635666632326561376530383362386138633639626663613437356535376161366232
39303561646362633539353162373862383038623861313262333735316532623731366662313063
61623036613761323933613936653539623063643338353839363464336431303366303332656137
31333361303465363664383563393764646233363965653530633639333165653838373161333734
61623261363031306235633561376265323239663239393339356636396466356537623765616133
34373439373235623861386634653863333835393738396236383032363333613962343237656566
64383935643939316137396565643734303963653137613463613166383661663436356661363563
65386166653564366163316564376234393438303732303364636335616139303834313638616561
32346262343164303235646561326235373433663436656663663564613363333734376137356133
31323233653865626534343235343666303030393336643436643364313061666434356633636538
37646663633064386561613234623865363537333739656335623232323062323464626564323434
34326563393436333363633931363862653932383039373564353830316330653161613561323236
63343934346264656233363433393330643537663137643439306135363133303563383466663863
62346664346230323661313831353134613964643536396665343063623635643737366333666239
37633866653937333436653631316461333035343133316364396130356431373337383238656437
62643633656264313663366331646631346431353035396265666433303734383062393231613831
64373335656336356663366131633037393661363239373266643666303862333039343561316439
63633934343762386630643431373563353139653661386138313064336335663430663637616137
38616262666530303863366664646265333464313831633161633432626339373139613632653161
38386163323164383666333835313338613163373761376338366632376539636137616433373532
62313634356130666637643732313134653162653437326439366235663462386338316334626338
31623338383036363636623766616532626135346435636236343738663439376434333139623833
35653739316531653066396437363030663162386638373861633533623831396365613339323166
34336631303530646333353466316437663531366132396536356638393538623335396166646162
30333463643435613632363832343839633965643062623363396534343461393964623330346364
39346163666163356664366237373561646335353261383262313862386437386639386533363135
61343038343232373833333037636338663963353666626263326434666230663435653362353966
35306266353065636337646563643162626161376238346562336561626237306363656130663132
62646231383434343939396337616666326439623564363831346236336534366366623837336266
61663665653431303433313065313965386439653863663939316133326563626533396533313932
63383631653563333537633238326663313030626435376463636131306139656431326363313636
37336233626337646538383362376331313736393736396666313833666366343565366536393965
30663634383034393365323235626466346638306136653866393963333732396361613231663439
64326663396431346130396633343339626365653563383637396563613132656635386665383639
61333639326533343131623039393962343936623165366438636563643035333966643061303334
31663661623731306133633535626266386636313133336230333363663734363934663537333033
30383038646636663561616434336636306563623265643232633930623431366164313466316336
30313536653736323236616164633235643536663463363735393033363464623537666362313030
33373361386136616232656138363034663235643138636632333265656561646334643736393665
30663363653962386366663638386366316461346138383362666662376430303662303233336435
38666263316163653564626633376566663433656438666239653635306263326264376336333563
34353666613731383537313338333533623263366562323933363038333762386462373335366231
33376566666238626465373766383834643262366563356433343436343961333664373863636561
37333963643833333964666438363066656561613431356437366366376336646261333663353834
66623935636431393662613937656134303238613635373166666664303731396535666262626230
66343964383031636434386633633431616337633066643264613665626437663036626134633262
30393436623666376162323139623935343263336630326333656438663737363830666266646337
31613661383832346632633731376637323030396233663234383934363066346632373535353030
37386465366434323264636133656339616531373839383738626333363239656534663962656665
36306161636464663636326139356563366165306530646530653566393533306333326536653632
38396133643634656465303932333035613164393332656435353135626238343334306235643837
66613266333035353239353566623130306362313062623063643530333235643935383533636634
38373433376264346335323861366663376630343262383166343065363264663431356132333366
66613661373932316461313862366536653366626464643538346133613431366263326437656132
33663731623936613732313434386430653739373434303534646465323538326539333866303566
66363034333563393438373330623335636336616632373266343032653835643335363763346438
37363430326631656562396531326532343632326264363966346132346532633037346534636636
64386536303335303132646333376634613633396435643533336261633638653333616561323132
33666532323463393232376330663434623362373038343537393166376538326338303862383232
34346662393337643561343732303935386634323034373464613239383936663961613466666434
66666464323030666430663137663731626631323561343238303564316364376531666134366130
65323130333238646232623732356263636134663636613434663936366331363337306530323063
30616438313563646531643135313336623133633532393930393537383530396138333534393066
61313830653035393937646237663335386130303535616130396333383038306339396535393635
38626437653066363064383462336164623238356335346462383531646632636231616434663631
35376261643838626465333563666461346230393131626338353463656230663335333537383631
32316333303132386565656231663437366533376566313033313631663939336336646564303935
36383537316363396338303231616539636361356564336439653964366233386262376364333332
65383034336535363563353237363436663830623632396630323663653736306134393330396538
65626331643062373665666363383866623765656363366335333630323836383762643838623063
39636538653432663931653535303831393538313632633262363963633666356361663230666262
62386465653235366532393632616361343637656664303431623539653762653635306133653363
62323930393739333839303733306632333439636363396565303363613464613937623265306230
64393262336561643861623633353039613837663633656536663838623538306562396130636465
62333136623533386231356166303236646537366463623038343339353338616664373738323937
62663632633438646564316361316530623362616662646163653838373333306530613630623866
35353430626131663930393632353636313733643136356665323762616433346161336535636363
34666136646136373064373461343761303538356431336266636538356663343534313933363565
32633138386665356564326332333632353964383139336661333561646134316432316630343133
37356564393338373232343761636161356132356363663131343536353866653966666635396135
65323939663531316131306530613464323735653961313934303365356466636563346363613238
61613833623536346232333266316532656534616532383232303633613765643033613664386530
39306465326633343830663064623033616536313132613036636333653662663364393330653739
31616265373363363062363436616366623530393437313035383838366234386462343233343532
30396334653161646365326236333138343035653936613137373762363730363238333864323635
33393534343566643261613939313963636132376338636131613061643435653263393234616138
65633366623362356164343761623963326137656161383631653330633733356461613338623434
65346438383532663938313231623136313233383165646263306331356165393032663437373264
63313330393965626433333866633236316637393231393736393166623035663734336533343431
36343738316165656565653930393831306538353633356434363361373865643362353762643362
38636164646438626134313462393766373766383562613335373362363565383537646339363839
63626631636439353937303138323963633036633666366164333866356235393866663835346339
35313230376565643262353465363463653136333031386466396365323366343938346439336330
62653832626631333366646135303331613831663233646632363830333731393833646433613438
35383130613861303663353133383366326538353264663538313665316234396634353231636636
61383736646665633062333230396163613335623937636535623162396365356565383535326636
65613566363663323834633165623165346232336536643637643861376366613339346262623430
36656434303162643038653537313432376564356430656331353930663730303365346161303337
326333663134633466613733376462333063
