$ANSIBLE_VAULT;1.1;AES256
39643036643739646337383131666434363236313062353639393230356538643430613464343138
3238353430666438393430353466656333626139343632380a393966316566316134363934393237
35303733666233303165646136383866316430313564373033643031363938326366643063313137
6335376532303838300a373063383334353361356538316434616563303639353137353533666536
38396166353935663730663736356166366464366462393863343565666165373932663338363865
66373833316330393530633963336632613564333236343565323037363064666630636534363765
35656661343537666435373864636665393039636238636432653961343231393134653239346434
63623466306462626236306532396430333461323261633032333530623335666539373636663161
32376262326338613031323939326163656564313965663033343934306165336637323065326130
32383135623938343433613937353330393236323734333939643833313930653662336161623666
66333765366131356466613437613735366564353633663731383563646334333062373032353039
34323938373236323862633938396438376130323662333031613137346435646339656336336130
33303166646138666139356461373139316337303531393666316132623461326234623133623930
36356464613564616236363062376135346639656134663265356233633339653863333638353066
34346663336536353132333239393565383537643865383265336232626362333136616437613431
61336661633165323263
