$ANSIBLE_VAULT;1.1;AES256
32383831623663396537663834323464353239626661323638666533356266393764623731393962
3130356236633237653834313164643865623833373762310a313661623363343862303266316261
37396464663530303833336264376236376339613037336661363732653661323235393362643739
6330623235633364610a343139396135343866373831343465363238626564643938623937346562
34343931653563383132343166346362313763343732316238363433356663303065383733633630
33306666373731363964633930316539346331303530333234343636393065396235343934333165
36653534373234306531646530333630623730323239643732653732303435616563663931313630
65613539613666656339376665653463373231393031333634376131613966623834613931363737
32633766323863623731343563396266333232373161313839643035343363376130653365623833
33373630366362613662386166363332366164363363653563373665373865356332633138663233
63656137633337343662383635303730393639306163303232663864346630643136396362623466
32656663363265333962336466366661616130623532636561396166346463383238366439646332
32336263343334663734623831313231653938616134626235323063376264336330613461323431
39633334613262383932316165643130316336346466383739346330303032303561336435373730
31393166336333333534666361396561356464613336663338643638656361343538313932316130
39356432653161333232363663643566356231326333343235363363353161393366366538373265
35336332663835333263626633323435363066643438393838336130333332326566656130353462
39343566373438383338646465396236613066363631383865653164313537383562313835636564
63306563373734643537353663313237646532373034633233666633383736333930313265616331
30373366316434393639656261373437613234643136636137373266356232643565356137623963
30623438366139663633656264333966626136313439666433316661623731656664333432343334
38663266383636613135383062343033616239643931393432643135383335323630383432303030
62356364616264656639663732623366323761363733366236396533623534333631386163633833
37386461393137656633303866616264366634616139323730636666363738616334663436656534
36393334303735326265653434383432333365353932623733303030616166316239
