$ANSIBLE_VAULT;1.1;AES256
32343262656431363066623434666166643434303861636663643039383630316330656132643735
3838653761363233623336373439646362643232613564620a393739633764393762306365666265
39656633323133353231353732643433353662656666626232663234313732363739356466303432
6564353734376231330a383236346534653166396237353430663631316265643764623233323436
33373331626632613361633166313163393235623634633965343531653831343138343862366461
34656233306532353038316636636538393436356264333338353636376231343531633566356665
33616230393565353030336236303964666463623163633764626139363236663433393366653362
35393539623434643232373636326232393738653330363364393031626238653735663134623431
31393463633635623636663638333962343530303635653862616231663465303864326531643961
35363032356265343734636432386265393530613438386636353664636338633266636130616264
62663831353735663732343637306435323163303865623964633662306163643838336437333962
33343534393135306165373534343631343864353561333133653765313032326531363237306564
65323939626436373839306536616630393633613835633632326530366333663562383562353663
30396135326239343263323666376632303835366139393137643263326338303365613039313630
61346137646231353463396566376634666562323539623833323334306663623332626538616132
32363765306234363938656364643364333061616364653932363237376337366632663533616634
37633262653130313334643239616535613365353261353336396464316532366134376461376232
35336435653233643634646166333137656632386361623533313133336638393361373762356637
30373264626366306333643932313834613263616161656630646666626233393330346236333032
35653531313534373565663938316637336333366633323863396431623966313038353162333534
65343266346538656535353132376636336337626630653933313361623736623934376361623865
64373365396436653762393438666236336433653334343035336265396239303938646231333738
38653334613335363132343739343565376665636136356534636331326535326264343062346433
64623038626536346435323031383934303138396363666633393465636232356463383231663937
30383263396565313136316131386535316337333166303133613430626332363537326539353138
33303565323031396261336533616662346663636132653739663965303930396466353339383836
35376137333962333331613736623337656664663565326435643164356166336566653665623036
30363739363064653231343165363966333238366637626166633165383535326130343135663931
6636
