$ANSIBLE_VAULT;1.1;AES256
64333737663061316165313263373835633063396562346230383736393034373261363932633463
3338623665383835313965363061343732383634636432330a353334333537383936373363623562
32333739613539383632336439356662643264633732646136326633386631636237663536393063
6461373862656533320a353938623939613131346330313363623933323731393265393233663633
39386132393631643632356664323839353735353131336436396464393766333238636638373963
32623730366339633863396163386430613730666632643837613461653365646166663137653634
65633165656537333466376330333566633334396436313233316430653238626138323330626365
61653037323262303431323465653236383633356139303339633835633966393233393566353065
36663031623164343436653737383635316336383265313661333239363861663636313238313235
35346562663332306331363362616330363633633962333263306534613361623734656136613535
643664653030623463653436353063366136
