$ANSIBLE_VAULT;1.1;AES256
34613037323265633264633438653361373938393663303831363462333566316366336466356332
6336336137363132626438616364633738376465616161330a316666616261316566623837343063
38393363333239386562323638396137323532366466313362366137323538353563346539356332
3339663662623232360a316434376463376337313461343264333062636332316538353566393238
61623836346536636662643437353761303033396435343635353763343630613239383033396331
63313261326261353538303638353635613862326437346537613634393862373936373765386333
35643263303537363866353330653736663137393162306434636238653434626131663936353433
32623230346432616366636139353732366232653863666232346534363635373136333831343239
37666165653536376332323631346564386635306561323838343165626331616131653665653036
66626563653234346535353132326135626264333833333435376231343465323736396332363632
64373265323466616563656465393130326439346366643834343932663166343066626431346139
65356265386336663037633834323630613766396230363933303239616361373032353935343235
61623637336537326438666636623831623237393532623130306138376530646239326161323665
39386363383539356134343834316638626334613837653934383730663065376637366265323433
36376330353664393337366261663364316364666237303231353032393936323535366338363135
65623564353664663832643030646664653762653538313131373830613362393538343733356232
3561
