$ANSIBLE_VAULT;1.1;AES256
30626430623165303966346666353063313865656563653237613262323662643331313561343032
6666653434633562316466333465343863353138343265660a616530636436373064306432643261
34383365353633396162313830353363653363656232366233623365643939346338633261616235
6434636363356538320a623866386239663264636236343336643737636230323533393230343735
62643066316165373562643537336634343437393264616433613165636538643662656164383338
31376437303461323834336639383863616563656638626436303838373632303466653366323137
66366238646163346337376531313462306436653032383463363430656632313938333262303964
38656637643338643336656663386139356635343862653433363038323734393538333364303130
31343631316166613564666331326435316134616238386535323930383036303436623130373764
38663633383730663334346539326431663632336235313934373836386461353831623635623637
36386131653134326539386464376264383233356438343738316538623238643930313261306563
61386664353536666235303335613461363461306630623835616434323436653962303766623838
61333539646638656439616162366339333465303737313537303566386432366236656638386135
66653435323534643230396639376463393262386462623237616664386635396361366339313235
37363732383538343166636137613438363965636135623963373236626366623062313061306539
35616337356163666336666233363161366665383036633961323338363938303933333036333030
30613231363965633532663134303339303563336432376233613962306365393931303237343266
36303765313831376633323035306634323033393236366636646336366366383463313539656539
36326361393837656337333431623638393363346337383266626361653134303263646461316661
64336431393838353963663163353762646262363832383266393963613431653965656364613466
66316465353461643335646638336666636562353664363031623635613965616466656433373432
39356235326537353035386331323961363230316163353630396262663231663364386535333863
63303561333537306339386636343733663535393362393966653762386431323933383031343261
39613337333338333737393964653933656438336463343134313638623365363634656631333965
65623136343237313236343463623832623631393239613338653531653837656239396638663433
37356235343066363136333562313936396663373433383066396532313536386263323231623335
64323563633134643231323838666434663433343331623363306633306632616335343866643337
62643230363563613333386633613631303432616333653634306362366137383432626131366239
32653962363763363531623938613138623231323161363434343734643736363763396233373739
64303566663237643863353538323932313938393832326534663734623162356235306638333634
65376465336438306337626663313539623063333232313037643061353462366562313335643762
61396237626162306230376431393963643662353866663131333964363534373965356366306466
36613361326237626264316431633465356661333635643862396466333234363439
