$ANSIBLE_VAULT;1.1;AES256
33343561643334303636326362626566653539656263383562643861333464356439646530373462
6164636661316330663933353865316262393065363537630a326337366365323831343730616138
36663464656138346262653038396634343835653433633663616461323730346330386533633036
3331376466383062650a356238333037343462333234333433643763366435366164633030663737
37393732396233613364333334373766383335636537356634613262336332343662666435333264
63613233663433313364663432643763306337646161326633323936613437623133616335333139
66323566396530646664393237653930386566383039323337393338363230613334346135343536
30396564666633303838333335333462653637663465643831323933396431646162373965623238
30643238333134623665656530326361656237313033376436643163383663333134353339333137
32346331666337316161623231353165336163393938353466346463613861383739323739353266
38623532643364336162643761356463616230346663623665616264653764343664363235386134
31346364633461653833323436326537306562376134326338616232623939653136306332343131
36373431323937383535383637386538616435363063623137306362303366356531313534383534
62643561626664656361353737303430636535313634666237646339336162633039653338386336
39326334346632356632613532643037303730666335636565356234393532306337333735316361
37366430653161623966656163653662313133366231616266343735386630316435656635653034
38336166393338383064363031623837633464343635333434643365333734653530316538323163
66643035633363373138346536326539366234326464303635633635646534663863343261393662
66613637393830616362396533323435623530316162653432306562356531643533613132356566
38663964633861343237666132303131626637333961313666646432616339653337316637393563
66623234363562306166653662653161316538623639383131666437636536616665386331353931
38333737376561626661613638343961626330626633353238616532313232626663363738623439
34656336613366343436366565323434326432313464323431646637623536393038303462623238
66666463396238306437396433393961666365343763316635356432396530666331396665343635
32393332656439636664326535643639633366353239656236316137373766303966323036343962
31353132343133666431313963623061313664646261333839643239646333653130373765303132
33646138633337616334653963306566636138383231633262663666336535636534363733613766
36376633643366396364363232373935363437323536373037626262396132313935326636616538
35633936396566633530643761363765326437623264646234363635393236653331633333333837
39626539373331303866653336373234343635666561656463376165343161323038636138353939
39336334303766353438306563386539363237303938633138376635653135323132336261373934
35353765653236613633373438653466363535356663373538363963333437346233333235646662
30363035383935366235653366646664356531366330636634393435333736356535346165373632
30393664363532396334393430376432643532663637643739383234303035383334623639346366
36313261366637356135373965616139346235646661666639613330616339313466356337333330
31643231623665663438323539363632663862326665303465613539326265366565373363623133
35613637336263363531396430393565353132623162643339643337353633613930363937616361
38353866363832323430306161653438633233316333626632376231356638376234643938386632
65653863646431656266663038333530376533306263616236366230306361333737363266353439
66343865643031616432653835643561666230633737323434373563633162373530663539343733
63396431333162353332623964633736373661343330613239306139303366653062366466316465
37383465373430386639613534343262633738386665343066663863633039366432343233393738
35656238373531303437616566626661323533346462643231623832326133313266646665353335
31313733636662656666646236363231636130303061613662323233346561336263313134396430
30666162316339303235313437336330623564643739366339363934373937343132343764346437
62663939333038313635396166386365633633376361353332663863623333363233626130336365
32323965386433653464333039393738653636346435613765613465646239383437373163623164
66323339393663633666376464366463336231376662666537363534343234613063343639393038
62306464633935303437643030323661613666346639306133366531323032323466393539613336
38626365646430346332316639636539643036363536613735396263373435336663643536656164
32366666386636613063663832333763653562613363316530666637343330376435646439623836
39336537616236313839646238393335643030336361663832383935323237633738663330626632
66643937333965613438393962623766656334333839353339383662646564313765
