$ANSIBLE_VAULT;1.1;AES256
32346463303033623632306136363730303161626434633835393565306261363331323764633635
6265623930336236373566613036643334626436343063660a336238636335303833353035643664
36616131313564653761613064383161633137623438626131383764363431626632306664316231
3230366234343432330a353237333633366439343362303436653935656330376431326564643064
65353661653132663363343164306637363238393031623338613234366164386161613132336664
30393835363262306637376239616534646131616131636334666361383461353265343866626436
31653063666436343634633335643533333738633936393034303564313935666364393232633939
32323262636436663130326362323732303133663562373439613163396335643762643934326233
64313736373737326634313062656335326534386131643136633461326538336339313365663764
31393337353330303931646530316239353363616464616536656465303266316530656630656565
64346236633263363337663538616236326335616136363338326264643766313832343862383530
64363664333163623533343861643637316161303066653964343766336134613733653535373030
62396530373233613638623535343838353064356331613431386164306662353339643437653937
35636539613163303539323834656439303735393736393363323862613237333934386539343866
31353064323933336366383730376533363464393966643664373264316361323062623637636638
31353266616237366163643663393162633630356332333338393162333465633463663039383830
66306538323265636565666566653933376139303862623237613966343335633433303462353766
62636466613763636561623861373738323635613562366566333366313763656266353834633363
31323838626630306536386230393034383063623232303665646261373461346532366666383537
30383834653964663139313663633333336464643366663663636463386462623861363461393034
66353837306638646335393866366263323036643537353831333262373466613033616163343461
66316362376630336565333837316138653839353361383733613466393331316430623164363634
66336565666535333038623862366161376263613362656430623837333163383533383864636132
34393936613833393264323964356465393036353036616132393932343239386231323662643435
38666266303635346663383738626337383035656131343864346165626164376434343662333630
66393135343837323232656432393039346662303730386464363561363231376565383033326435
63333637343662383163313466393431613166316465363833623731623237363235373762366232
61363263366665663338336565326438336638346362386531393132363330333439613865356335
66653662626232616231336531356162663065323766656462393063643531346233666264386533
39333130613530646137643265656663363766303739613936656238306361303031613563363431
65373131373933333161306665393365366536393365326237353032393936613030653832663035
33393561626463383365356132653539386430643638323735306136373331623138376161396162
63376435383464336663643932323936636165366633376166366434353632653932333538376634
32656138313036656636653034373062363539626265643063666366626262353731633337333638
37353831333562383539643766623662613664353635386266636337656639643461356436303966
33326139623565393735613031393262323034653663636132353632346437613461636666373863
37393461663364653664646632663065656535333161323335343635356331643030386330313136
66313331386239643361383736323832306639656538636165633231663534646633626136396637
38333932643863613231653365373432323935653431646639633135353530376332343033643337
64363365393439353865346661376361623962613735353663373434616530323939343435636264
65646531633631303631363166303533616537373739316230323666663331326532633135636565
34633966626639336663356231613930636564366231656430373036376235393236366132326665
31356562643432366666326264383934633064663062336430666235626534353862356563623231
61643336326235306665343365633166376535643831303662373935643232363139656237326439
34333832616562363130643834613965323338306564633536366664373537333534386439356132
33396435636432646634303736323333616664383533636435373166323939353635646161363663
38303735646235636538356233653432323635353164353933663736356339633165663932646565
30303762663837643637396631393631616262656635363834303465636135336133356366303333
36313134313039356365623539333837393035353931323134366632353535303331313134343636
62333062356237336161373536306535333432333136313761366562663431663664653735656465
39373939303861363439313064336139636238323365366139346265366462633939643335353962
33343738383562386533373938323037366166356435363235326434313162666266613337376432
33636661333864396239336637643435623330316532393430393130386266373233316333343234
38623737396563393966316239346435376663613963353636316536323366333966393331666335
33313635336636633535653136626433373736376366656130316134316162313437636462336466
39356632393435366436366363323864663538626632306533346464623263313562663664383863
39656436663933313632363730613061613633373338383035666239303738616266613431663538
31306238366639343264636366643731376364316131323861326661393566386637383032643636
64303764383666383535643563303862346333346333383865383464383436666239373430613035
66356236656633613337626563623337333030343339326561376631383530636639343534376565
64396233393436646462373363366133313839363966666233353063333937386561333538613161
64376533383862663265386535623239623336643034316637613463666537623937313961386530
32633237393630386166613337326462326362663164353563626537363639656366336563303432
39356537383538633463643738326265663835333037396565363731633936343036623935656464
33613830356132656663633937613337656563653037616636626266376332626636623036376363
39636661343465323538353434343461366265613839613033393130373131353831333132633338
31323664356439333738316165643163376565363839313138643064623430393536346633363030
37336462396662656563623265383537383234636364393066316537333930663433636139363431
39343261313832383161306433626562323734316465353535616361373263303630346363376138
66636336626431343962316335326637613062376364623538396430306238353335623735323862
61646461336132663332303961333531656134613265643865626363643635623938666232323565
32386264383633306166323563643432623663306238383834396236306164626639626636323332
34333534313731363136303834363934646264336436623738373933613065326238613662353065
38633534646165363138663137366236636235386638623538616630323362623866303262396562
64313065653533316561323530653562663764393838383034343865663736343563336635623863
30313035393939323438393838373063383539396534396438346238346332626261353965613334
32366338343533343135656431353830323665623034646230313063383966326636326137353632
39356165393964373162656231303962633364323939303765373937656439656433633238383531
38336137656265303732633861303035386631303735633762643031366462373832663761343133
31346338666631633963666632636639373764613762633833336437666339336233663431636561
37303164663062623962383536373030353164633062653165633438643831643934666262666464
37333635643031633639323431393832653637333966343933346632373436663865353437623063
31303533643761636331353263666233373866663866363861383536356330333635333635306430
62613935643964333138373836383562663039663365393234386231346165663133396437356665
65373831653933313939616261626331336238303438626632366461636138646633643935306466
30366362396435353230373438666631373330333330373865386466653831336339646166366430
33653761383665383738333038356166323835306164346464633461396533653362323035303066
34363737336335626531316130326634363232656362333539346637393239393735393261333935
35666230366634396363383364633537623532353363386333396562326439643863303437636563
37353837343963343239346430373238393764316262386532386135313064623239653866323535
34326538326666336231383262623331363466333131333532663535366661306538643733343861
61306337633836653430323035346166316261643034336463303738306435613137613331643365
65353764656664663137373062393834613430353030623966386565666563343061623862633339
39306562373338383736313838316636643637373234303163636265393832323465653530333761
396134336563323763623632323831626335
