$ANSIBLE_VAULT;1.1;AES256
61643335306362363331653033333138393661616634633835653539616530343165646663393364
6161393632343833653535326161663265623037346233370a396436313862306338326562323264
63666564316561643664636337303634356332316365373763343639633665613130646266653534
3630616139393733380a396464333235356437373930613534396235306466626235366163653732
64323664316134643738646434633838366234326464346337633862613661653136393332376432
33373034373933666238353231326266383364633630373963613536386364643431666332656431
37393764623833343437613431626561386663633937333835353532343331383033346132373664
63313739323834346463646563633738396638656538323562323332613961306137643038643462
35386639343138633331616131316564376130383261393836643237316132623230313830323733
64636661616339333339363936366532303961653862633666343631366162316437616462313730
656136383737656638333431343338356361
