$ANSIBLE_VAULT;1.1;AES256
30383266373533313235306139376333306332333033303734396139303935366364383961393630
3136313138373138613237643866363632626632383062310a643164336237393732363230323839
32333166386637616562346531353838366462373435323830626330363464396166303235373964
6362356235653263360a626164626131636139393632393963643662323931336464303433343637
36613166613365653163306265323061303737626264633064353932393438653064353066353038
36376337336339653438333166383563613730633035373931303830626631386339383566346462
31653364313737616332663639633364373564373033386635626263626666623562363961636433
66393737666438393035356235343063383731383466303030663666313665656534376561353933
63343662373864386364343336613235343433653931386361636366353765376365653763353431
31386664346236663131356366363437326365323430333032626662333565313565383864666466
32363633376365376539313761653430363864663734663334366435326232306362396233616439
37383636613936313065316663646166363531356138653863383465313239323030353736346334
30363634383363323739363364393736623530336235386463643964366431383637623564313934
36373531313138353066663035346235306133373031333465353166366534316163353434356233
34663630343338373239633333646264333538636334613532373962613137313835353134636261
39613235366663303832376135383130663731326364326335323735396466306130313933373764
62353164313134383737376135666133653465666131316339336439636261333931643031356438
38363063373438323161633530663336333830393735623338396135653037323664613132623662
63323665356663373664303965323231306131616463656533373666643563356538363532396336
35656439343236623330303938646662633338383538363839383438613538396231626463313865
33356635383435386237343730343665356663393338633335383936663536373761666136316331
35633966326666613332346465303566386161376334333532393665643839323664336364383230
35633434393731636330386634646162616561653664343634396136343065636262633938326162
37646265303162643865656635396530626138616537326639646663373363306661326265663866
38613537663830356561313237373666326464383837323363363539373337613939333536303866
37346438353463623837316635643964353237373830653938356363663237363337623764653365
36633436333733616366306338633162323731366563633037316236343635656464633438653334
38623332363966383434653336363135626539393936316563623132633131333033393132646366
38343261666637336561346134656634383065363138623961333833623737303433383535626638
34366631626333306536356663386430393239616535313534613964326565323366316435643261
64396435643131633265356339633030616265356236356532653563363935373764316638653335
35303431303031633063326233343936303966383361313133646636663535343331356361633839
39376663353363353131333133626463643865326363353533613461346435313665626634306561
32613137353135383933623865363639663432383039336364393465383134343935373635646662
62306636623331643532383865306439383435626338323532333861333336643666303733663035
33616337396639346362613338353634376239363231353431376538353235346363336265663631
65366332626166326261666637663639333766306639316535333964386337653035303237343766
61376463653966373166306464326531653735623061386630313066343734303534653431396234
39626666306430623038633539396437316462626161633439653465656633373231313062653164
65613664386131343138313665326139373262313662343737376465346539396165383133336562
34353235326265356663343631653330663630356664666165393063666537393232643830633165
65616530653632366439646565373733356563326564373639343534326263313065376539313364
64653532313130633037653363653063333264653365303262333833353338643663343034646663
62353639373366666365663061303531366333356261373031636432313239336638643366663834
30653431366565396439316161313762613663386530353031623134313039336664336232386664
31396534653766306632616161323866313532643835633763313063626534356131656537643431
65386466333436633731643563313065366663316262656139373361343162663262393938353036
38656163313761366436363064303133666461333832643639396534613838333437326537633330
61353434323561306531353733303231373537303839643230346338313564613466326532363361
39343532356338636637363130396431656661383636643365363233616137316566313166326163
64333333643361626634383938363037393336316164663565616165393334656262313235323737
30353136643165343238633432663339663964346235356235626531653763393465633833653861
63303066633132353463343639616631343038303736646262313034613462643037
