$ANSIBLE_VAULT;1.1;AES256
63303036343539613066636331363233623631653766393631346231346565383239613134626638
3733656233323061326634323961323239333638623332330a366633633364393437326361633363
39663166336131663035613663626132303262363761383733653932323261383337363961643532
3235343661373463630a653836306164613862623664363463303434356133343866303433386664
31313236626136323937303731633962376133353333353236343138636434613631393365343366
61633661303461623931373762636230343939326365323337656435613935356632366131323532
32356335613130366363343231333365623531613462653736353365353137396330653937393762
35313239323638663162356137623830613762643538356361616664613237306138646561653833
33306630333764613030613734616462333831613331316632346331653264373238653166643938
39323134303530666135376666363364326562656666346561383931303732376263343635613737
37613761633230353232373231333337643963656638313832623365613861653565346262393933
34616333353563353033333965333464363539323230323663613034633965623632646436383661
65646666303336633431633032396532346664663039636363366432613134626261656132376339
35383066663230383666653835323239363361306639636332623663376365623135616564383930
31343963363063313538653464333335626632353133353132636638323535363764333735653231
65623237633964396361373266303339626238623062333933383138303630393839313531396537
31306331373930303563636639613164333731613838326237633734643764336133306563643039
36336232316430353036666538306562313162633132363537663861316530353465663438313261
65396566616439303065303737613136356130626466363831653431626266386634306533323730
38353836613533346666666133646631646131666163393130363533373237363831663766326430
35353137386235363132616637663335663232353734383033643133336239336336663137396162
39633061373564366664373663313461313464326264393934626463313235383733666265363066
61383363363539346232653863336133376435623563356464353331303163333861313231636563
30386130666539386261663363613239323933373961313030373634356666386534623331386361
35333038376131333764353935383137663038613839333438323730346333616162386234656132
39643066343134356638363134306561333139613032623933393736653262636634373530333732
30623262653238613562393632356131343935303364316234316532613833303163666330383639
32366665343464303739
