$ANSIBLE_VAULT;1.1;AES256
61386237623536613534396130386633653135653238323661386666313763333763633633313061
3565313031666536333830366630326265313230343461320a616432303834326239316136386666
34393032643239386432653438613134373739343830616432613365383335633533346539613866
3331366630383963630a313131303362303562623066306664633061386334656232353033356566
66336564646338366330366337316335666531346461323732366465343630613666653161373233
66326431643666313239626133303233663931353037303235663237643365326638383663366337
33383462643862373039323466353532323965346563333132636636633631663731346265393437
66313830336365633838383437646138353932376139366535363437346339623530333562303638
39643034616435636665623034373434656631333635383163643039656532663130376538333066
30616635666432326435316364323839323661663931633962303631623538633166633633363535
35383564393362646634666236633032653435373037343435633437346337616162636437363665
34633832663735666363356533303561626130613731613730373434333830396364643735613531
36356131616161393231326639663730383139623730303064666261623961613034386336636233
63383761633530373635333036616136303532333435363930393738303566396434316566653034
36373137656232396134366531386535303564396133336532653539393138666138353432323262
38353538346530376639633230613966653865303939666536636638313364613930663033383861
31636638393634666634333833633765373032613461636161306431373264316365363437333532
39383738663663663037306437343039626362653361393837613235386234303733346634346663
633366636665383033346664316133646365
