$ANSIBLE_VAULT;1.1;AES256
65313935366233306336323837303662343132656334643461373462613533343666613335356231
3838656533356534653133626366386637636465353061300a326166623433383539376133643734
64633365626231613238343563316339386530323634646562616266343763366238646136353536
6162653134366232340a383834356261323962653661373335396266306238323064656335653937
37376664356333373032636464626231393335353039383232333561653039323831396137313237
33363030363032313734313461393132336530643239303561333862613931626139633363623263
31636432396334306261376163646535356131663533386562336634323435313631353063346134
39653931386562353266633363663037323463303563343339623562313231643864303962333265
65353837633963366266643663336436366134326631396364373564646239633630323635383866
38386530633136356239396334316537616533373532396232313831373333303732643137303038
39373935656638623965303031373037313739323861326132336265623930396161366633626164
30363730643162363237633061303263653333303462376233643161633538386236333362633831
33393838623038653033666538666534336462366331323734646164306263383832306264613566
63333336346135616262323563343166353031643233346331323161663263363637373331366535
36323664613833313133656461373064336639616664303863313931656163343436383332613466
63323536366534343131313235383966303033366539633162383664313265363432643131633537
35303463626665623233643932383063393031613935666466336638666237306131383661386234
64383137633934303934623834316166366366323439623633623333326637626239356235343330
39326434653235383963333135386335313633353663663433363036323462363765613333313565
65333837613264393839663231626330633865303132323666383131383862653533653531306239
31613764653639653263336139623863326434343237343861396165316435666432353138613138
66633135636630323033303566366163663066653335303538663334373263633032613533623837
65303263633535393939353162393633396361363265373437623932653861303461323637643666
39333930383561313135616362393631376165363762623966613263643461343934376461313832
31376536356265653862313334663030333137383135646464353764363863393165363239323237
64326663353235396135326432643565636263633137633032333166613830366133356565653830
63313665326462383861656333326566383134386438303863393863356532623761656264363430
37623233303763383533646430666233333962396562313838353535393633383637633061363138
64633464353033323232346432356238363532376531353965613265346361333066643531623766
32353339366139623063616561613133316565323462363935383038626439383364303365313835
38663339333461373063633738303063363961396538356235646535363237626164376630313264
32323334343863313830393135376437366664326463393035386530383935373734336531613237
63633763376636303437316435383133636533326261313062643234396565313831383937363437
66343165613166666235663631633230353161396366626164366266363438386661313061326165
33326537653235646365363430316636653039373133626134303961323435643661666565356563
64346262613334333631366466396161363762663530353766333263303964383566386135633131
32343631366537646561333037623265386166383031393537333233373164356666393234316630
64393230363162376637613765623230616234323930663232363638306130646136346435653165
38336266663730386234336438363439363434313831346535396264383166623864313164646534
61383031343233396333663361616533383335366433656461623666333936643566326638393232
36376164613832363031353532326639646637333962333863666366366364383366336662646634
66366165366132393934653332336133633338616363613233323432323830383363383764373630
38386337623439616630313562316236656131326363326164396235386439326630636433346565
39643436346333353862626132663965623264623631323037383933633463373631623231383066
61393635333731326135626466343930623163663536666633626238386334643635346265356665
64666561306131313432343931313161363432623734383865353134353139323962353138663166
38623034363465393933366130326139383734316265656330373033626232643162396234356533
63336533616162616565383433643961656633626330323563323466393639666634386266626439
38663137636138613463633563383835663265363336336433333035633331623561653661303663
30633662653363343830333836386463623266623965653734363432393937643037636234626363
66313561373937353464613064643263303137646166323661653137666530303166643263303337
34366138653733623335656637353139316231366339373934343039656166386665306230346466
61323432383534613633356235323031633431303864376633363264343065313066643561613737
64633863626361393664306238356331373835616433666662623934343633363331316663613132
33303662633439326630346261333163323839626234663530376130663236383163353136626636
36623336376263613463663566353361663966643633613837636338343436663835643864346465
31303962363739316366313363336362663139383537326335313864356665376137303865663339
64613337333839343761353833346537383332353337306464353034346530343630313930613931
65343061393332643331326265373833626362346165393439656235663363366664663331313331
64653739663262363931366531613663323033303537386534383435393963376134666536373838
3361
