$ANSIBLE_VAULT;1.1;AES256
37653363633363323463623661616639633164663837346661356163616339613937303866316365
3263656330313633626164376638643464336135353366660a303461613938343131623364376266
31313938323339333734613531353235353937363137613332643335666434623866663064653534
3632386538383964640a633861396464393565366366373733656437306139653837333731393534
34386436643333643033316236383236363561663330316437306435326265613664363130306438
30393330346135353234383330346234393330323864306432653937353534383631376564326462
35343963656139643863366136363461303433316139306162656666326239623766346434363835
34643363656534663936326638323265613833303939393665366436343832346166373665353334
39653239303666643431653364383135623564313365313365376464663564303834323664666563
36646131383835623065316632666237616562343533376135346330393237656436366364333132
35316562363963656466316636323832653737376233356237306438323963313532366162626535
38666161656662636237613863663539626436396362633765343532353839653638656639643330
34313466306439323538616139396538363835646130373864363937663630353366656664613763
64306263656166353537643532346666333534383866666563353038333737643838316464646634
66643766636166316536303631383261303938303462393231353738623136383365336638353061
31643665343738373232306537363264623131386438613266366366653730613936303364623363
63393930323562363234646139356462356163393465383633333137353235376664373337646561
38313137356137323534326161616634646339323833623764663339346633383830346263653730
31343137313936306436653437353534623531313739613937393030656431623366373631666563
30346161383762636362373662313662346331356230396335626530336639303665396666323933
37303337653265616638623165376661383432383362323863646338373734363632646531306163
34323063306630393434643430643338376666313431366139383662333361326232643532383331
64333539383266316530313237303931396336653834383736383534303534353662336337333337
36303436313937636437393835656536386466313762376636646563343737313332663737343662
30616537373863366634343534383963366461336664303730323830613036313862373434346337
61646464346366303834356465306339643237313237663065653731373634386461626231613261
31333736636632653231383533333263353230363638306236326664393739643538323436366637
33383962653330313335663264383134353030323939616662613063303063656666666663313534
63336333383734623735363834623766313863396461316163623264623762333063626634376231
61613439613032333631323133316463386433303563313632326336316536383864303266393865
66363331356563323030363936663730343137373338616239636263376161623433393932303630
64663738303134323530356338643430653532616633666439613461633833306432396163373034
63346262303732666165336165646337323239396266626538613037366665633164666633336362
62616436343033313432323936326231313335636536613965393164363465363539363339333161
65613033353463316362656162393038626566343632393561326437636563353065633132646634
62336139643363613130333330396339643636326238646535326532383062623938396639653730
61313134633161636365326531383533366133303461633830633832316539323830636531663162
35663338313639646332626333366264393432633835343339623263626239393965626162383437
65653031326261303864356631663931366438653763316538333139366137316266383636656231
32303635386432643462383235356530386262306235386666626464303937363165666466613834
62653430663532313039396634386463346262633035313263376437303066333933333563393230
63663937393164363333366331363330643831393334393034323132616538336665353762333663
33636535663165643839623539656665623234666363333337313136633339383665626162666334
34643731323435393635353530313038643130343130323465373736633166323737376430363137
30653963316435333864323563613861366363643036646432643539393466326139363832313164
64656337383564346665373533316334313465396438316639396531356661306639646366316539
65393862633064333638616635323034303435653935366538633666366436303439643136333233
38396364396637363934383663383434656337613264373132353430353138633334306337306331
35333730396461656430626435326364303634383761616230623261656366323934313235376439
35373832393833626466656436636636666338613466363562396264343464383534656130333566
31623633613463663930633931383036306635383364316537343933363663363332346266666431
61663633633835353931353666353832653535313466326363393635383330376336346237316265
63363132656462386632323230626133373963356433663137333330323663303863
