$ANSIBLE_VAULT;1.1;AES256
39653265353731373139626362626462376535306531333636396461376435323632323665623532
6566663563616635636663653438616530326333366532640a376632393532613338386635393662
63626637303861653236353137303637323930396132646632626163303739353931303464633137
3661306234363035310a303739306561653531646437633036653639323337303561343339626530
34646636666538376264366361383137653665373730373136353461626163346366356436336461
36653266366363633538623330363062393562363864663765636665636135626563373238663239
63613730386537663166386663343935303064323064303438383635363238623866663031316339
36346236336265336662396130373333643235313237393539633066396538633661666630616637
31333935633165333536356665363837393736306361643864323662666461313764363364373737
37326137633631653332656461636534313035336132613239613037323364626234613136643232
34326164326339303439323865303836313666613136383431343235653739323361366163643566
30643463663162363830333264376138323339356430656265626565383236383430636632616365
32343665633965636566333162386135323638383964396633326139623039313434333836303132
66323461666335643363646265643862346332653536623433326364353766323337313836356534
35336563373535653436333735313836636336353433623132653136663530646230363931323762
33313861663965626465323665656431386134326465393033346239613862643236336230336632
66336662643435333563643437363762333030326333383738366439653233393132306136326561
65383239663434626639376632306166333934366235656438653261646163383164323533636430
39636133366131323635623039396236343634613964636237633036343034363038336237323736
37616434633231323866643464626437343461663537646563303437653830653934656162343939
35316233316661356161303937633238633733633030396464636230353530353031313437366231
32343730663065656439356639316261623132656365663730333634363164343836653032393536
65313935313763346362623365646135333363303230363262313334306439333139306264313533
32326564353563656235383034633131316238623735383438633864663661633632323863613961
37376432646337633432623837383131363131363238336239353833336135343031616335633961
34303737393864346132636336366331643634363532373763316631383439383437316536623137
36643763653734666665363663643066333539653635643565306139383336383338353634613563
31316437333733636534316338353837626638636530313865386630623665663630643630356430
66313637383536386663666532306530343931616139316232633437376532626431383562333861
31636161323431323864636265323337626236383632373436393236363334313031313733613532
64346137636535373061313336333661363162663734643862663338353839326436653631663265
36646565363934356636316433393166396638643563663637363232323461623833633565663935
32326561323535636630396362653839343835316265623935393135633038323737663030333733
31383264353265343132613764356234666235316537323539393366316334346261663639663564
37343737306330613962346261373963643162353739366361663965666338373063323462646435
32646439323738396134373030343539623264616164656136393136613434666332356533333031
61383866616361313666323238623464363162353634643630323663386263623764623234613062
30643565396431653736666633313461353535616335663262343038383634353362363962663131
37313331663266353133396166323232643361343236363937306437636337653061356130313461
30396465653461653766326236346236623361393636353731666532333332633430383732656131
64373931306362333237383635343437323139386539356136363532343439373731333939393063
33653238626465383134613066306337313930653036623337363863333330303163363338373138
30623635643638383165393134613834346435333665343531376464646663623733623834333161
35643732366636656262323931383236333134623931343038353531643234336665663261306231
66313735306332613962613936366535646432363633656430666262346362376566333163353333
63646630346536653230313361353131663037393965656466333561393935386132316166313064
63613334626339396266336364656161623862313234313135626335643434346638346632353265
32383639393230373464323038623462376362663538373933393863303132653536633665646662
64353333303037666339356262646536613838626633343635663632653733363036636265396637
64396461636435336235303261353636353839356265373035643934383034616161326130363363
37306431353639363537393061326163326561313839356465393665626666653634656265306533
62343838623866663766386131313839363636656635613639323437646335396534653535356364
64303239366361623830353231656332653838313866366339333939373862653866633639333935
37613663636130313538346161393830613139333937383239623437616465396536633037303534
31303562386666383464393638666631613265653331366135316434653431356361646163323061
64613963353733363138393661653966303633663638663037656566343333316435366337353362
31346463343239636132653163653631353063616362346236326331366562653230633132643363
37376236656261663436323230393634386266343761343165343965613532656238353663326237
36336435333162616465346362393264616635316362366364653537663031656231643566373733
61303964626166333535306530633136363461623034636661313161343961386432626231363335
36316233653734366462323639633034353165363163626363323330343136303235326531353030
62653131373533656466613165386139663836373062313632363137393130353965303633656636
31376264313431656338356330653133663339653337326331633733653762663266383634666261
34353832616265643436323237396638393966643135343539333332653137363863653232636435
36643266623139313238336333336637323139633565393633346663666666613338353561363962
36353663313934643034386661383730343836653262333832353263636161633232393431383465
65323233343362363931303339386639643930313433656165666436393766666435653230393733
38643466333365306566373631333261363461336462613134366138383764633031623633343461
39616561306366343339383766623265643364623532653866316131363234653632653765343936
65363131383630363163396433613537646634613135353639386462333962623333386461633863
33663963323632303961323138666634356134373035663335663263303333343036356335396532
35303164623234353566313237313363373630363536303766353561653935336466336263333534
36366230303230373137663266343166626562313835386164613362386436313737633536353165
39376164653366373161326434623639626337366434626564663433656231316334653336313630
65326265336634623965666333303132643564663838636662333664633864336163313537313262
65666366636430663235333766356437653436303936363366303734303661633431343366306530
33646635343336386337323561316137666530653337663365323939613264363935
