$ANSIBLE_VAULT;1.1;AES256
65616330626466333839666566393661616139386630376466613638626365383730363531626438
6132393863386331656134306532663965616662393465660a386465376431643261386334336331
38383961616436346461626434613739306231356534646362303730396466343136386131313461
6264393733666263330a363035643034373633633635643261393262356437636566656238303432
34326563653135653863383632373039656664653366363434326630613034386338663236623466
33323963613262323430353562376165356137386430376436383764633262376537396463303332
35613631633265303739666239376230666639386637323738663936393264613032636134656263
37643861356461656565616630323134626431623835633361616633383537613531633931363236
62343466623638383630313261623936646561653638623930623134663730376466333338396163
39373839363239366333363265323737316437613233346438636536326130623562663638383336
62323134336664396636366637353039373639643439373837613138373638636533383761396139
61336464326433356162363433396237393539316565663566353865633438653439623732636661
32626135346366653737336436326535366538646631616662356539346261666165623236363533
62396261663265303562653537383261326637353933613364326466306533393832373463616134
38316464386132363866633961633331616239313661326339316661343563643637643262633965
31373832383262346238383430333035626332613238343738386562316163303166613730363130
64376661343038616665633266333230626331366337633135636539666330346333373430316466
66366166363531376633633762653561393962643639656463386232613030383939633431393164
61643637396338656534623530386531363236646330363136343033333563316434623235643237
34373432306666396433313265346438303235353466386534333766373562663832323966623234
33326565646438653463626134346634373631333731626438303363376136323861333839313833
62366231386661643132643333333965316234643563663066623662393932653665373465363162
31306239643961343139386366643632646662393166386161336662323962636465343038343131
38313031316466656262396166636433303363346637343863383133303366356632336231343238
33666235316662653062326237343665346464613933653934393137666435646236326535653933
36653338663038303839396265343533316136323839656538353631656130373965353866383236
64326334326532353539356537636263633633656131356265393437366163333931313437303466
39356536393036656163313134643739353634363966353461616435346564613231663239366535
35636665613437646662643263666664633932353763656562623163306435613162303631653865
62626639613034346462356633303437353133616134346535383139636561663830353033383336
32326138653764316239366366386261663432383538373934636434653537623763663866666462
39643939346535346465663135313933636662393365663930353533313332666366363237323432
66313139343135646461653836613830383863333439653833363863626634383162656265386334
66356130666438643533636166383135323238643030396631393236323937306234613637666161
31316231346261653536313833633038653736643836633062663737333266613934333135653236
36313136623862646139326162356638366364616338373663663863363561363435313737616563
63646466373737633963306139646637376636323261373263636132366136383061323861306161
64323237323135663338633662663262393236646131666461653037613265656432663162633164
32333635633436393564356535613232373232316533383964336533353733653030643036303938
34353838333631303932333230313963396562383862356362623934353233653463383837313032
32363865386266626265313265366565333662633630333635303463636238663430386165383565
35343365393764336162643130336463366138646230363564643837633762336662313235303132
63306162396536366561373965316166386630386536373761353865613365393236656361363238
63623034396333383661653465653239366264323630613936643238343564633563343138616166
37363466366233336635653761656334343739383165383339356431396432636234613239386164
64386338366430323765373836623139653732306334373636376164363165333364393466303630
39363136663062303563353830303135376438633539653033383062393030366162613965366236
35643565303231633033663730633837666261653332346237303634656562613235303638326232
32313837386564373564623138313163346633626338353137353266316461656564653261613464
38306433663032666331366633383439373539303430626535623136616333666236343731623165
35306363323966636133633539356130653761323331643834363366366434613762653033643538
31306533333232393637366635626563316561633031393866663765346665653432396266663838
66353032646434303764366639363637636335393862666530383737656262643932636663333362
63313430653762636439626432306163336564363461306632346632303432663265323236633039
65633632396431623034636537306264363463346431333938353630323865643966353663663665
30363862346531303265353266346164373332353731653831343334666438346634633063366134
39303633363338333661653433323764653331653362633535653536313065623162383663313265
35663838336466636364383765333461326334663663643864326462383465623766656161613439
61373231656136613937633436336337343761656362643437616333626666343865643634336332
32636136383130623233316261363865633866363266666637313262393861363833663864313633
31316135363832363261396130653233373638306533356438616462646165613466646164393432
37656162623833313132613033626535636662333863323736633763333965666263386634313735
31643936653235386566373330646662343234653230383864313463656134393866636332383563
35366134663965626335316132383438356433303830313733343439623563323334343137613936
33313832346436316266363434353831386130396230326161393332386439636365316533363634
30396264393332663665303263613533376164336664306238313036313237373161383832373862
61316231376534393435666266336433316437633264373731333534343861356531636137376530
33333437316638316136313130666661646539653233623339623166346461663936336231623066
63303838663266633761333364303631643337326532616130653363396231313061663836336333
66316432366533316531613866326439643865626135396236613165653136346633363936623061
37653261316131616533363131663235386432663531646566633532646431383731336337396262
61346139323364353537336365383334613538663766663733323764363034343439373864343562
38613962376165356136343938613934393336383934396661313061326662656266616463613032
32653531643131623432363732373537346438333838666436366334336331623532326461313265
66616466333864346237626531636236326562323238303333373764343636613165323636323839
33393735326436646638363265653731326262663061313531343135393064646236616530653333
31623437313039633931313531613865366161363062303033613239303237313630633030323361
66323832623138393562363766323164326666633935353230323830383466393765353436383938
39623935643237336335623333663165643538366234386164633366643433313333386565656264
64366361323031383438376330613763666666313066343633363037656163393361353330646665
38393833306233646237663464613634353535366536303839336232376335396564306531353563
30393265666432333632653161303064616163623033316161313962646661623234626430623633
31643764363338333835323035626561623635306134646133313432333461396639363739383161
62663336326366343234616230393435663364306432323364663735663065613035383639393935
66366162393335363831626531626665653662656366306636323137623436323266636464666265
35663863353930623433626264653331373632323230386261313233343361346635396665393435
37653762353761363666656238336266396235613633356435636633343864613036333662626639
36346263633330396432346163623138613536323361346233313735613063373132613333633138
35363434313062363538333164376135636466343961633032333464306465343538313562663335
38623638656566353661636266303936646239646462623063636438306330376437343138306631
34396230343631383437623631393465616336626563653038393836376362623532666665656438
33396539636465313162613738393464313262326263393831356130356265353365353465646336
32343136313938373464303932353163613836383238646466303466316632613237333864636466
64653866323066393263663337383762646633613439346562313766383430303866343063363139
66396162626232313134396232633139613637613838326538393236333639373435393437633934
34323561343433656636626134663937393865316661366361323931383365376532386539363461
33356463313663353464306264386561656430393531633739333037316331346465643064636132
30376337303064336430326261306664663466663038303863336132636238613865623661643263
65663238643032643965643763613233303861366135633264376562623064373333643031366262
32316566616438383465346364653361356366333264666332353338646132663137326433306438
65663066383737636630613464313865396234626361323230376634663663376337646330613339
62653263643864656137636663336337636266666232353431393534643938383764326236346230
66333266316134363661396631613836663866366263653938363239333166643837306234393033
66616234363364383961346537376630393731346361386132333165386161376365653864346561
30393564333438353739366233633539613566383334623534363332633362626333323332343236
35326438363561303431313332316565663630303538316439636439643835616132613037646431
32353561323766376439346564366561666665666437663736663835653033333837306464373238
30303537653337326235313461336533343532613639633464333236356532396463643932643538
38303638666131316237353134313332633665383339636230313931373433633530313762613430
30633238303964643338623633326230643734643132386561666534663431396365656265656631
61626431343565353932353466323032653862376161633262626137613931383238313063373265
31623130653537623232653063653138613931333564323530393461323063393562313938646136
32326264663964643433316166623832643837373932393137326330336431303438663231633831
36643631623534346433366237396236636531356530343765363439643133643064623137323664
33643233313133663861333536343464646639373335656638666661346432316130303065303163
38666361633530626630663862613961396234363139333537663663666365656438666138386331
65636263643866303062363231353162363962323165653331656261333036613438626238623064
61303036636330373066616334623264373135313932636564396432366639313336393632636431
61336130333432666133383034323631653536663334666363663635613765643834653434663562
38363130653466646138666661343663643237646634653133336131636634396533656139656636
37356439393539393362343964353332353434646263356665386233376163386235366633393735
33373663366138313035633963663065366264313738313636353236663763323231663265353730
62303134623735323239643635366639613265636133663866663364383661653639366464633663
36643438643236313132396261636236363965303937396262643836323330636361356333393031
62626262636163376362643966633535316235306161303338326662396436313062393238666265
34316163366530333463323162376363336635396138356666376433383830396363313332303238
66356130343635393163333865366265323863666566326230643237663536356336373630316136
33306638656465633535373261613435316336363634383666323636326633303230616239386265
66363864363539303436323766333464636132343264396637373630633166316636363965366534
65396366343130323364363332623865633331363431356233326637653462393032303237656237
30616665373136653830316263356335653361306637386239633261646361303430343137326331
32633966313930333834343936356333623537643534353030666331666335653763303238363435
65393961613438373462333965343737336437626634616137616239653531376464326665346439
37666336353631323262616436366337343730323636356232343530646533353039623330643633
35396332343838633764356139343235353739386466306563376463373932303633373630613331
34613234343038326333366434323031316133383937366536353364313663326662636339376266
63393531313865646537346264373962306539343164666465353766623966396365393935393236
31373138363836323061356262373062643164376265323763623733303862303265366366373562
33343234333462393630353862316338643166656139303538633636306232306432633634366365
66656536393732383334653961396131643730313133366132626539393139386237363036376530
38353739313065386637306364626563323264613633653936653166356534613461643239376461
34373739383733396235376663613230313034356633653466616135366631633732326465366532
65656638613465306538353463663937363139306263653261386534636237636366653264303237
37303865313837663237316133376635663465336161383835353636626336633731656531653738
30396666303063353638643961323736353431386465353331323436376336383032386162353834
66373936653338633966616561303630646136386339303561653365326139363766383937393933
65656663383963383566313831336231623932326161613136326233313865356666656533326366
37343661613035656531326636383634636338323565643264323761366135303566636236306431
35356139323635636466613065383161343436393538626637623738656161626232386562666232
38633763653839633466623937613763666631343562666366333066333237393663643936653737
37636462653338656637656635663063366537393761303734306138303237313937383331376261
31343530393866303961326232306431383233663339613939383032366662363239313664643065
37616437326132383264613961346436626362663935363362623436383333356463396135376331
64623364623865393862323162623565393435653665643763313364653530323234653736383036
63343363623263346436656461616536316534326134343839333563346434373461393366343939
63613730356534613862383463636338313939373235633261626131306438376435313038663366
35343963373039356136613230333236633132353762623162663637643565303762623338323133
39613331613735636136383061623765613332376233386164666139646563303635303831363238
35386538323638303539616363336362616237323238656166333161633066636361383235616564
66373430666665623761306233623532353634343762313461366532663136623430353466653837
34626635393066633965343132366538373532353163623163326365303939366635326531363461
38356262653462323166626362643735343337626434363166383466646135373663316635336166
33666139363434386232653663393262636464643964353334393361393966326233656564613933
64623937633538656537643762306637313036366536346265623937373364643863663865613033
66323834383164386565363630653336353161333163653232323463663365376565643135323034
65393233333863613064326435356538393636646632646639646332373633633766376633643837
36343634356365633963383038356361306337386235333266643064313035373536666366653962
37353637353839383162343461376265613131316664393766666136313563376535353930336162
38626434343131633739613733373934316564333533356231303836616134616666653936623737
38626265633934343235656462656138656365303462313163363566643961326262643261383338
65323062623464663030316137376563386262346538313433346235643936313137333035316239
33653839323434323434646636346130346366323031316630643866663263663036653037666634
34393538373561323732383232626334373265343362663834303637323766326361373366666139
65616265613139316562376632663033333133623531656233343432366631646261323131346236
66386635616333303235613861316564613662376536653532343037303163663932663636363661
37313064396439336631323933393237313437343363656163333735636535376566366538373333
35386664666539383636613262383735316563343235333630323963656132653636396635303666
36323737356133626561363432316138306566636332646165396633333362366430396438393866
34633236373336633435646434373739643736313935346537326163393733613066316662316634
64666638346131306164633337616638323961653864363234316633396437343434396361636364
37393735626538303463396438303934323631633063393061613435336362376463386163643734
61346435376435336239313861356636653064623864333336666533303337346635356466633131
37656437316232613062623137643538353261323064613034663030383935303638316530626631
34353861376163353834623837393263336462333937656637396235343530363730393466313333
31616337333564356566373534346264663936313939663034663863383239343664383263316339
64333339643966323365343739623836303336326464396230393931626161623536386566653330
32313562373534333061303032346564663661393033333861633235613662333533356664393662
63656330326133666364393962366330333431306466643432613266363061623339363664376362
30306330616136663038303930316437613063616565376663633738336139633237346362376238
30396563313861623161633264633334383338313737646562336130333037366237663435346438
35643931616361393434653665613432633164326566356636393831353135383438623735383064
37646632326462646361376666346666373236356534396132656334646232623431383563626130
32326339316164323338343361343239313664633264616564393763646436616439316131316435
37643832383537303864333837396533323432303664306332656530376663356235633436373864
32326339313435313733626330333166353262633530343130396432306266633536336264393736
64336665376665333962643165363439366566323465643230636462333439636536396466643366
33303465306235356463396636386135356663303837616339646632346230626632383230616235
63383434363165326435633338363165653363333236353634303538666231363931343631643261
65643062343737343436323839333261306663656164636163633461326138363435613865356663
64316661666163393866373233663838623663356630333362616630346665646161373761613138
34366636393436393737386634636239633563656531306333663439383964396536613638646261
33663161643336386465613333616661386533656230326666353633343565323737626638346332
38343436323465346664626634313538376461323062393337616534306437343162373133616164
33356132616263393134333133356261646637343433653538356433353232353962376166643535
61303537386366333938373839643039636164333561373365623261343739366161393630663464
32633463326466383464356237616132613762393662396636633563323362373966616439646230
38366537653664363035626230663062323465306165393864636661366239643635646535363139
31323837306631386233303837346465353035386339313434663539656233326166373761646237
36303036656665386433353233373437616266373063383139383738656436333262636539313337
66613366653665646639303432336664396634626264386432646239323533663966393063333766
31353737326333626530333132666666306562396135373137643139643063396137346363303839
34633837376463343433313636663062383731336662323538396662356339333636393464373739
64643332333364313737386166646636646138376162333634316135316262386465373731336364
61353962343831636631366666353362313031306536306638623034306338666235376331383863
32306138353865613338303165613630343832376531316538343763653439643338626366346661
66373765373236366663613665633732613038306463353139386262633736646537393731636633
30396135343631306266353464633038613134393435653031616362346362353032353262366463
36343764613662346635663139373161633736363063363136646431376134323461326166326533
33623035303764623333326461633536626334666164633766333762383235393761386635656265
62393663663063333835363238393535353334313935343734303039626365373232653532373532
33376234393663333635653333643765313034336139613936353464383065373030386339363137
30303762306665373566653033393837653732623236323632393039316365333932626438346437
36306231666638623138383932383234366336666462666436343961333832666336643362343331
30643336616565383131646261313363333536313433343966333863626430343465336337356461
65313266316338663031326534646433663263386639356233653166306232333639326464626434
36656437373562396162616135333461393066303062623536313434623331636638336237343933
33326334336164346563356331376434346162343437326263633961376330653430653533316537
61353364666336376136643961636164333838393139383962663934613663386533383530356665
32343233306461643237313638383562383934613032386663646535643766663030666330653735
35626131303961313530623162373033636662663131636231316539343765666262643066313638
32663038393230613061386266383464313266633163623236386535393165633065643266646131
64616366326130336462616239346165336133636539626432356630623835313230383935623363
39383734303765643932323365326637336135393166376462396633396232363437356535663431
63663665626634326265666632366262303061396464366134623764356638396139353361623330
35313135386233626465623331383137323064633562363332336236356665313332323436366630
35616638613736616166383233363138663265393166373634666365316434626666616539626536
31336536343461633234383464303062626161323963353164656130383361646462343130613238
36663536653965383064376261323462343332666335333066313237353231613261323735313730
33386432663431333337636435393430373631626462633739323066663661356235626139306132
64316366633864653465343532623536393936326666396230333163663232373166333436383563
30353566343333346636316130356666663262653866353762643432343634383266306135373466
36623361623033383064323861646263356439613665336438633662313937376265363364333265
34373563343462663139646665383935656233333531663038383038306437353031303533393661
64396463383232616538393565656337333463376634613630393037336634396538343833373232
62623964646434303866646564303839653235666262643734353237613130356635383537663864
30306534663665306433383033613834363162323837653163396538633832303465623039636366
66343062303466333836386139373937306139396433313236383030616637353466393931303061
30636637663534373536303831636538623335633434323364613739616238613166373163623766
30343637353963323462613239613338643730623133376130353266323531633334663633383432
65323437326537376631666562633063646339653439303963623466353734633634653162646664
64623866303239336362373531373361656238393566363966313663623364383937363266643364
62623537636230646639613437303933363865323364633232326234396231653763353036383165
36363735353035306664643031613661353337623934316430313032643631363737636666336462
37363963393930643735613866643739666539356466353866333933383739326131643131336464
65316236366431653166626663383462363065346666616261396131316262303130633434633139
39366162636435366166643731353339653061386433396364343735306535313064333735363837
37363664343663643730386233353630616561373433303463306361386330633334366332343036
35616236336636636338363964316263383264636230323166316337393636313462336165373634
36393536313639303931363031666430326664306165303263623637343539383263363861363566
62376362666361326230613633343932356432373439333138323235396139393838646366633735
61313432373132346461653532616238366463643963663634366132636639356437323336653861
62646332346466363766663163613066616339613664323330396566323935336230636533653332
36376532353533326633313264306437333063393362383335323037366237323064383832366336
34323530613465636436613833366166316365623864393639396465383061333565373730323362
37613363343633383132313566363466616630333863653737363239643464666339373033396561
32366133633163643735663762313964376330623263386463333736323731643038623737623537
61633565653838376562366134666462326238623030333830356630393761383235353635396266
66386164353364613635616239656333393263316463316236386363633336616665326565646266
36666564346230353363653430343364303937303365636639316564656639356632393238633964
30636333313739346434346162666662326537383466333839643336306231643135383433663637
65313737643231356463313630646663663835313261333962393035646138326163653131326362
33393536316530643138613032373437633164356362323234316662356265376262383635313165
61316137323036343534623961636161373063613832626538326261663663643064383762316261
33633363303961353861306433393362346562356131663566623039306531353335666661393562
66376466623532386631343538333135613162613331353531633863313231393330623534373136
65646433653561343564636332323734383062336239623861303561313330356433336163356263
31363437306234396662373134343236383037396563303361306464323366323936356332633831
38313833626430656663626365653364393933626433396633383964326136653333306361623365
62663165373561343639396333636337383735363862323063373031636639393232336436633833
33383438323761663531343364666639343864343830653438316633623434336533323932396265
35366364663061653462633264373966313933346364303865373033626231623838383363373838
33333330663765383562323466613330643432646131316438313062313264623837656137363663
36363435353562646336323231623831373062366336663162363738393961393330666663663361
65633933356437366662396131346463613633613133636139323231653035626432333461386637
32613365666562633165306436363239656632343362303737373062343261316535303035303062
62623937663932643735623265383632623934623430393537613362353536323038303462636239
64656539363966343332366130656132326634363536343239613061653137326233613863663665
35383636343439626565303865313834343263343362653035303931306236343834313832623362
63323133653738336136313938393064383235343163646139393739636664663531636236333633
38646439393933396635306263646564343638656632363637633434316165363337383435623931
61306565396237333936313662326637613238616162336266643937303837316533363964326131
34666665396231616334623165303531353936636239383633393363616632653139653666316363
31353433336566383361636134636435383063353334323662616163633864373131633039666232
36393466653532366265393633363066353532353737626533373336623161356439313733386161
36313835663336666438373033623862383432396435353639313831346161623337343731383765
39316432313432353065306330396462636363616633306139393531316134303136353763626130
62363863353537343064633537646638356238313632323436353633663662363331643030343637
32646437626461633330663236386439666461306234616435636362393965323530656230646664
34303661333561393237353738366532636666366164306665336431613331316661613861613361
33643732633362633931383837623165623234313134313462326263353261616339333534326535
39323164623834663564343239373431376265336636643733363865373138623037353665316466
32663630613233373931633438386235316233333464353136663864663931303162613531653564
31646235643438636135623633313431623962346431376564346239346630393961643837393661
61633966633235383736343436396632383061656364643361353933656233663766393034623133
39313932663837326230373665353939316636323933326663366331343463643830366536396465
34373534646336303131316434323062326139613531333636376263656638306461653162306231
37373261393364323663353762343162636535336532323766353962653730306565366436663336
30326631656632313038363438653431356637613139376466303539646639343364326637396565
34646130633664356162626433653139356239653935363763353935636466396533393665376435
37393632633036383336376330396566363832323063636434383934303365346163376337303134
66326135333162626161653465626536373739633266383538613531383238613833393630626266
32366539633638363136623733363836623362626331363230326462663265363665653165623735
31383366333233363832646538396565643231353634343837323932653166353363626239616137
37393935643637323562366563356161663337306362383433333838316632656331326132353738
32333236326662616434633533616132353139353063316631323439626563333332366562663161
39316138613165646539336531343134353231626463353532663339346262363064396131373861
36356232313037343733363362356637336166306137353065336338323330383639373438353265
61376666666538373961613037656533393539666536353562383035306436373561363865356530
31363330303066383264333763393433653662333564613536653062383961663965643732316563
35326435653632353130656638363536626335313665613630316232616232626131306334633031
30383239646365366461373363353666343031626332646431383433383462373761643335323536
31363765663934633030343733616530326636343764393365346361366332316635616238633365
65633136326233303461393838303261303330313562623832323136396366623066356564613431
37313362386562366530383132343335376664626133343938616631306261383637356633373730
62323731653066663938383531643233396238666637333163373963303161373538343733666636
32333137396533396136343431343061383636346130643238626430333963663038336536343366
35633966663264643862363334313638333764313266323732373631353163616233326338383933
65313332356263336532383931386564343165653437656539633166363763323734373232633864
35313338333965353534366334313434663764396366376161386263333434616434653937636230
66623037663533356233636136353434303331336430663436333763386536383936313661366438
33363530663136356334616162346262613032636636326232633530636533373938653436363563
63366335663338626664663664303330356232316432626632633865633431316364336237313036
64336462643563333932363039356638326235333862356237613135316638613934323335663931
34613365663761323332346237366233356235653331363238363164373235643338323062633631
34633832373965353631626662353466373863373332303633303764343765323865346638656266
63643032373761363462666639376537666434383938313935643334303561613333386438313163
65346262313864303763393263646438346233656234623633643861656533333964363333633062
62613232656265363833303536383232626162393164653630613536346631373737616233363761
64353233393465303962613062366434363731356635303832306663663931626431623633353365
62633030303064623466346464346438336534346562336564326130383333663438653366663232
31393136366262623030393262373639613135326162356235666438613035633039633438383535
30363733633735656562383262373761373432653364663864346363383664383837666162363338
34353133323730393738336266646563656464656139336535396233393334363263396561396336
38613733616565663934363331646134616163646335383263363535633337333539323765613363
39376239363061643139353064666361316538376163663866373763653061353632303162323230
38323036623466626533313365336662663233353665303530363165613533616139336530386630
62383634373235353836376139356234393036343363643362376330373235653563336435643937
34656332623962613664313336616638366163383764376462383330316138386166393239376531
30656638633632313264306165373361353135623337653539313634303135623664303263626564
31343032336265313334386435643136373336336436333736306665393162393465343339346235
65343935653339393639396661336562643366643763303032363038343063636630346338346361
37396661356266333362663034313031376263316331653536306264323733343039383037356139
34393839373035303664393762346236303138393465653131366630626332343432643664383536
34363264386235303766393835303037353862353761303665633034613465383861633534326234
32393661633061353432383330663932323234323634663362306665323030383462623133646233
37396661373233613735303561653262383834643639656230316639613964666539616638363138
61643461323461353235663061643437373338623461383038663336646432633037626333376533
31336361613139393763613935323763633066363933636238363338666331373461383433336538
34306131623930383561646237303966353065316236356438376439663962316666393063616237
36636135393633353762333238303330623539306563623130623562363936386135656461333436
31653861343564656534343738383066633833363936343031303239616139363835353436303738
64313232373364656338383861343630303166363961376566373461626331646564366165396630
64353830373836373566663333343836313665336438383966643637666635646333313163366163
61663330323832653466343562393037366336383064323564393130336130643131393031396436
65613333396664333933393866613137316666393636313261343065333262666661306532636564
35636361396465626461383238313937666365623438366538643333326633316562303466363339
64646139353331653738346666623938343632613965666539663737663464613136383263353630
37393363663937316463353164643265616161623339386337323433653266656638343336343566
36326334663763613466313731616133636133313036346634333237353836666438316331343762
39313761326466386631653465333132393661356435353539396339346330323365383338333835
63656462356138623236623239633361363330353262613734376232613633343664353534346638
31646533323562623730356664643531393036373961333366346562323832396139613131643131
66303234313266653135663232656332383637633564646630306232336263356266353065363739
66323531613462383866643636633635333362393362616464316161666437653964623139306136
37336237653839653639396435363436313361646238633630386531323563366132316566396338
34636634366663623431326130353563343036623662636131363064643462383262393064646639
38653432666236633663396631383937363838633231393339313436326638356232353633393833
36646130666335333230626233336436366461306235663332373266643330323537616632363065
36323632626363343730613239333763656566383566346661643337656532363262356333636137
37653138633738643032393839633033363134333262636431346636333234653632663139616534
65346363626438373531373966623836396164333034383630623733643531613961623838376662
63346461373431323934386134616633646333646232633464616264363235616466306362383639
30393535643732356235643232383533386365303763303236343861633535343232373165303239
65663939313933666234383537383639666331363534393433376364313531633831356537356236
61356230363864653439633632643466363636373039333233616661356539666161353635613931
62643231333135613138303638636665653833393666613263363634346161363663323436343665
36303161333639316431343564656635323431316562336439376663303438363164653730333963
65646234316538633730383236373865363361353963623439393330616639386263336661623064
34386437383736396432623938666232653336373531653039313262653439666466663762356137
35336230343631613231373065633831333337613065306336343936363230666138343836633438
66653236643732346132636337306166666132393366353132346538646263313736643730646634
31383633383333336565366264616236313166666333353562626332336631336139643365353536
62363865303065333434373162346432346132343433653136613130313132383864303231613936
61643335366537353130646665363134636534646237323739613462663832376436633938336366
62306563306264656132383164333066366162386433653266653065323462313631343765383536
36303461316565333435666434366532616337376535623436383536333462346265666362346537
37363665343538353665653535616439396433633736623265626262633730353936336364323462
31656165336433373239333163313738396262646337383930356434336430333930633137383034
34666564393164663731656238323466323933356464326566396137633963636337633431393138
61313733646434396561626132656264316363303365613537363135306161343763383762663463
34326366393136623364353335303839663064633266353662643562383964376435366631353361
30666431303662383061613162613138663735326138646535323332613264623764623663323935
31393663626138306534333132646636623336623539636662306666626632356438653333333232
33323134643163323736383566323138666530376530323134356634366265623365666164383264
62356431316265376262396332323165303432333134393135323832343865393463653538393662
34643131383437303933656631393532313931313866386364663339343037343739643530383765
33316438303432333934373363383935663662633832303038626435346630393861636237383166
34306436373266643763323031663530373264333938356465303261316564346333366133373630
30366436653465303066336664636534303964633238303662376438653637373638663631316537
61383462316537613566623161616266333939623366633864633661623938613066653835643364
62636438346538623939383663383966613066356536363433373865343062316164373331363539
36333738666237313338653561613835633037313437633064326430613261326133346339616530
63643136336563623538616566343663643139323130646564303036356364313039333336343463
31323665646531333930346230313733663331613131326462343934353034613939353932646564
38333165656637313035633663633761636134313562323937343133663939326431663731643964
65346633313536383639633462306235313738393035383838336633623638613062383937636137
62303637303562613430666136383536313930303535623761373465333033636330346539626339
61306466376439303637366266626362386430336132653133316334613762323165666130643436
33316666323032363562343836326231363834613861363966306265636633363338346333653833
64336435656132316130633735666163336238363365323230353031376238653437666335343062
66613564643263343762643762353136616639616133383462643435346431613239326464316535
61636632353337633336373762343636353834353237363732363535393233643538666461336434
66646531666463303131353761353439323563373637366331303661646334383566663666383063
39623731333036316364613463373366613132376530396637613864653362656466643838623862
32346335616666343735393834396233653237313461366362366666643337326163386562333532
31666537343932353237376332343734616365386264353234376137336264613032626362636538
33393539363833653532303237343533623564653532396564633134363338333634316632333132
63633936366633623364636361636661306431663066353661613238653662643736633432643535
65626135366431313733313430346364623835336265316266306437613564663836636665653933
64656632313034353531396231383633666437306534333864393134346438623730623534346235
66393630386264613438303336306333383564643361616266653862333934353530633665313361
39633032386136363565346362613638643339346634333634363336646339626366393162363838
32633139373330316462613134663163663236373663363738663637353238353234626563393032
64643838396564646539383133373634376539393336316537306638353531303736376337303064
30393131633164313463343236343939303339333936656130343235613865633666336331613136
38343435366539653235373339666262323632316233613062353131303335336565333234333831
64303662616362323339313939653365623663636362396264306161366437353366316330373836
35343161316265386636383236356665353061376234626565333236313565303934346238373039
64346532306133316262356662616366626264353862336538666462666433363934616265333437
63396637306165346432393634373435653131363461373465363033616363343936326530643535
33346233356366323432356131616233313263383662343837643066626430663862316633383033
39303432393362653131353332373535663836643931646332316666363230353264613136353933
63646162393634653937383039653636343238373163666661346366333464643939663334666634
33613563613531656536633263373036393564343035393264366666306131633933623866353762
35633937366534383364663561356465616431353536343439303632303931353035346637363062
66333033616331313763393237653761643062373133633932373130646134326439393138373132
64623930313239306532613434313835303432353538633265643761336236656433386265303736
31616536663632663061396666363635613035653030363636346331353935343163636632333461
64356431313532303336343035353662366261373936653263336236616163356237303732626363
33666632656365366539653962623938616431646266616330393731396436313564313439636164
66326565353033323030346137343832646637613437313135313264356330383835303765656661
61366663613462633333363630643838336238663666636562636364323765633334356339383330
62363031306565656363326337346537633131313937326334303830306630636431626339623333
33616339313566623066643262326466393335316538643137616433343164623736356531666130
39653932616366623934376333383962393362636635313237633637323762393833333237303337
38303237303236396261373531643033313338303334616137623337393565643266393132363665
38313733633032646334646637373062383935333933656535663331646430336531366534353831
34633462306465356561646332363034383836336536633831313363663261666536316130623535
66656631393430643566386263613533326463643366613765386531666134356666626134353734
38356631343731636263336566353235333436616632373962636362643763303631616634663831
35313866643061636630663833623563376562393763633036323934396561363537643364613731
66343061333839356230356230363537303962323539323738663238653737653666376266643531
65623962366435616465333435343431366334333038376666386537326339366532636331633837
33313733656139303862616436346439343738383430306365313266666566623835363665363265
37303961343634336163373337656462303632646162316331613766613131633437343132633536
30653938303837663130623533393664623231653532623936646332653133646530336261323930
62626530306335353135663364356232643666366531363832326436636164333236373231393631
62393261623636643839303038386230383832356561636636373331356533666664306165653963
66363431636564393235336137316434663063633063663036393738303239373734633437373566
32393434326366353763663935663561636265663235343330323332643663653266363831353965
35343034353838376331663335363566393337313662623532306664636166396130353036653531
63306430656163336262616263623139613530616461623231356230623966653764393364376432
37646132343764313932326466383464383634343264633833366535363562316565333065316632
36323865393738313139616439343339366431333435363135306534666238383539623961623133
34663661393262663665613066313633393463356133313333623032316565326334663366636236
62313766393233316136643864303361303239663135626466643363623061303763346534656136
65353433323163303432353565616433353138303665333162303739363264653034633736333831
37306633303830396562323032353635323065613432383566346161643038313061363339623639
36353732333239643165336336303561633330323136623238393035346233613339636665643134
65356562313533376332393031316435333237353639623134643234353961616633613563373565
64313839323232393934393139323532356236663135633263353963303165373030613364346137
66636434636261626330626638666462646665343037393463353438666635353835396664613538
38376332326366633338393532626565376362646536646336633563356435396438653763303031
33356563623634396335303033366232646665336362356563333361353866303261366135303761
66313261616133613036383831643132333334616563643966346564386363396361386362636435
30626465373531383666383630393766386662613363616463616439653366386235353265656333
30376131396637306334623363313131643534393638646633343836633937313135386364346135
32386432383430383564623731323863393538663063613161626361396162336166633264663331
63336430646234623663623338616236646566656133646633366439633738643061333961346366
39623861373363653165373961393536366361353730303330386531323537616232356530626333
37323363663034356433306537643565346332333864613135373836373863353436343364383138
66646663346334353437306363313937366133386532363839333938623737393438653461383864
32626565353032663565396535653961633239643030653433383032633938653265326539633765
32643434393735316463643635383037313139363135666635653063393335333133666130346263
64303737306239656262363734306334363135623134343232333635613031643961373261616361
38313635363964653662646363653136346164356264373833653065363136633738353138653264
65393832376331353532353965343465343339366263323430316530643939303061613434313066
62366435363764643037633131613539373136323735643030333966633232333133383662646361
64356565333761376363306563666666663737643336626333633065323032613333383638636139
64633130383264326561633561366564303434353634323439353163323730626233626532313933
63393038326562613665316137373431376561373164313762353634316235393665376137383033
39333539656331386562666365646361316637326462383130616533353037323637623838313934
31623566326434373530653238363761366235663231383536393534663764363531613666306230
65396533636635633134653532356633353936343630656663386163316166613735323866626662
39363162623339313939663534613061653631616365663335393132386662633630623332386339
35333465393664646234623761343138323736666232353966376334316636333437636330613363
37376230356166366362643862363662393035373031353336376235343066316234303761643636
34633765653135316533373534376466616237313334626139373432643734613337653661653464
63636364393337363562386335333363656366346263383231343666386235326535326664613664
64396464336335623333373638336530633430333837646232313830303065373036373433383766
32396635303561383364646433623536613762366131323938353533663463343434643937623636
65653965363636386336346635333138366633396266656536666331666133316462636133666563
37666238383865353237363233623333383930613432613932613837626465663965666564653739
63663336383864656534313965663036373437616261623336396536336131666339343063383130
37356539646632636564386137643934316366653266303331343566336432323533623161366465
33363939663136346134383738393661353034333739393034656638653237373234633733663930
31333437326437393664616238383839303032316533336135306164356362353233343930653136
37613430633661373931373533623335346162643931653533663234656235316563383563663863
38666139333638653139303263313038386630323838656331366366386535656132383138346364
35636335366638633563393233343732346431323630636430363438303233653431623762383635
35623132623234373037633639626335663161633363646531616231303438666139306634363635
63646533623466366533336562633038303964383938613235366136643432636531346564396566
35323263386337386534323264303238643433613439396262666632313834303930393765373962
39316636333034366431306435353564393030663133366235383561333038376366666533663832
61373463636338393662363762313332373030643838303838396363616533663331343536346438
61656537626564316265306633633466333163333864333863626639633261366334363431383134
35373432336534663938373532353462303562333238373663323933643831623061626638623664
32666433353463653464303536383435306235313862356637343334663838393631643037653139
30376262393739393762663538626235646333343365633763386136323134656331393031383765
34383764353332623063646236323030353536383530633864663531396464376533656636626130
61323463666362646365373136343737616536636139363230663536613238346237363261303239
37376133623366633033363164666331643065373735616339326531333836366666343837383532
65343261396666326566363861376337353230633239666331373533333132656564346463636236
61656133363236363066386165383735393764626333373066373731613163383833633132303864
31376334663436643534326238316232393935366530303237336534613136366333373938656533
36623365353037376433316662663633306463636438353332313236383265353261353733326563
35653134666535326166303966663338333831323034313437643634626539313432366261303634
32386635313065633765663862353164346539333762313265353430326462636539303732363534
31346463306364306335356434316233623835623630306630383838626531373463323332643134
38366530663263323665363737633437376161333461636663303763396432346431326466323765
31333833636239323532643866383265643961346238363036343933333535326138373266643437
61366437313336616363343561326566396634373230323765356537353265643665663631396531
66646237393766353461313866306332633336346230616538616562666665326164353536343138
31333433386438616134356566643530363665306430373230306265373061616565393530663437
36306530626438646265343866366537626663316164656531303865326461323864373966313339
31333566383365306439366633306334376366653633353438373865366632336633353363623033
62643339313330613862346661303833616161313665613563336164346636643230366461326632
35346134376164383365363032623265373762303362326331653933383438383365376431663938
37653861613963346233633963316638366332343763396137616263383131363633633734366635
33646666363932336433333861343162336162616239346132636239376532346636666237373364
32306162663736656166643436363061636166373139376463303039653162363139363266393865
61633365356532663730363536313734313737376436636538653763396261663134363962393866
32343432376237623361343338326538613762633662333736646662353232393530653238373063
64303664336631633033343232633265663733303837323937386339363737313831656234373861
37356161343039663063396538346531356238323133636164666266303230343165336430346236
30656264666637343032343565663538396437356236323264313632336566343231376561316633
37656363343232636534393366633633386335326665663435666361633336646661373434323536
37363466363732316436313132646437396438663830346631303261643561386330633966366233
36336635346236333832333135313061326534343964323636623935326164616133373965396130
33353865366561323166346239613565303963376162633165313061643031316533646231366463
30396534393131353662326333323435353330636630353436363238623066393662386533663437
65633465366562396334326433323635633032373938353538663531396665303638666464303930
32313636663033353764386635323338316332336561613535363965306437373335333931623266
63633235653435313238616138613937373434323865663861356533623361323738306162313530
38353462333364363663383832666331363865653436393636343766363262306232303432333364
63633362373362303834363163396538306663613366346464663437666561313162643838303531
64373061613537656637316633333663613638343666396662306238306536643232336262613436
64616464623137656664303234626535336465323361613461306132636365306563633936626564
39626532666330353139343838636237353763396665333835373966653734313536303237346133
39336639633636396239313334633763363430363939643232376565386331393361653535303336
31663731643862613138353034656563623136323431343235386232333939356361326464303539
30326237636263666564613739316336643835646161633234343830306136643438623538646634
36653361636631653731663730303063383932393439336232633632333031316138303466393534
38343661313961306435666433393666616332643765316634666435373838376561333432333933
34376564613433396664316536323937343465663066333430633732343161616662316334363462
31323137383162346136316333373439343861646236356339376234653939366466366331386333
62643561353334363733643535336436613633313436373261343164373630643361623436343835
66366363386264383132646463613935373731653337373232633163393636653136333536326439
62653262343636666239666536633837656163646363303066656235326264363466656332636435
64386531326332646239316138336332356361653161363135346231653134396634623236373265
33666162613034633563636265323634326364636136636139343331663537373165306638313762
33376235653533643835353738613835633163333563353433363362666530323239353963633038
36386631353264663266656465616534656632316639353837393336623437343533613439656637
63366561333536336438666533323134353339333231656135373364666532393666653639663330
36313530663466306362623561613235303637643933616365343837663130313838363065656237
63623931643430333631623161383539666364666363613435653134336133623364303732353931
35393366316565343932653436653136303164356665653137373962393139343132366236336438
34613664326463396231323834323961366537316239633764623961626462333962326362646639
66373032363261316133626663366630396637353462653036636162376166633131316262316466
33636435323437386533633733643838613563356337656633663235623133313438306466393965
64656337396235646132643463393163653138393766643734326535323339643764626639663561
65383132326637623666336134393338653364623733353139353264623238383833343836306639
31303830616136366431323164343265306335376134646139393861366139376630393361326466
64383331663138323263393166376238646563383765323738653331643131616164336634623764
32313964323734653732306665346166313730653864636332353534373935633461623561313232
37366561656164333161666162313830326662383661356134373161623139323836393837383437
66363265313933333431643663626661636637616465626239346564303232636133323661303162
62356334343862363661353234303638333462313764383735353333316436383932366261383330
30646236316165326135623639306562636365613563633938653337373839336137623361633732
66613630333761346539643862303637346630303431303532616630663532666334393361356531
35663337363633653832633137646364336339373436313664623564636565613765386431373964
34613338616364313235646262356662326666633562313464623034643965323936316533363134
39356238623538373563323038353866333734646538346638393331386431303535633161316230
66616437343736386163373838323964623439336663663666353236656464626264333738616365
33356637333532303634303863366266323264326538646236623137623231633463393130346439
65306138303135396432313862643030306134633238363461303531643436313636396564306466
36646161386339316535633835363831353132326137353531633537326239336662363436346264
34326531643362343233303131646530393030393263353535323137633632353562633161383561
34633363363230366135376437336261613832346237363066363234663337653935663635313433
61393939646337646661353730353635356466386466306434343736643736653335633130313462
62643035363534633832373863643837336234656564373739636561333333636637363635613331
36323138666233656663363061373462336433666539643965386132613532666566306665666136
33383462346235346265633737616531656665393264633266326439386333643135646431333666
30653963653331626265386661373037636463363464636433356232623961323464376434623930
35383337636639306530396438663132383030343032616136303565663833333731656362363562
33373335333531393763363839333331353966333638636339306661636237623064306664636635
65383933393963376361373835313230616564613332336530313661633166623239656337663031
34663932323834623533353634333534393933333133613538663830636364306261666435613238
32326233626332373134353337626633383735633261393938313333613363396134356336396164
33633233333431383461336663663461383762356233613330623665326236303937623966393066
63613336373130656262326633636235633135306532303462313030333966396435356165353438
65666138643337323734346362643134326164306561353864633335643262643233333434313534
65666233373262666238373436386534383231353263383835313034656362653834613430633563
66303763363930393839356161373262343865343936623339643563323462623832373264636536
32633663333365363937343239343063373665393537653763613330323632646638663133353361
34666166376535646366643934363230306435303734366666303534376563323963376236663138
63356161346365616136653265666430653739336266363031363832613837363532316265373065
34343338333963363833643866303366376431383732356234623132333539386565376131363634
34303832303331626232633666313130326430353634663762646461333434343234626164363561
33353837626261343966653263313137363061356161343633396432363666363531383564376635
65353638356464333065343465613633363637353861356665616335376632656530373331613937
32626662393666333136333230313534663130633162373731363661653731623766626366333665
39333233623430656636623431653338366337643265363033383237373434383736616530376533
64653961313737653030393561353264623663666537643332333264366130363831303731373262
36306335363964316263666238643333323336383962346234303639333534663066306665353236
63323062333539333936363631653666353965326365353135316562623164336233663634353865
61646631306136653863383865346531633761363166356333623664653463313863393861633466
37656562303435343763653334663564643531613865663162663233353966333039396363623035
61616137356330643832386634646666646131353232353036616637633437386465356636343135
32303266323132323236633035623230386130373435383338646366343530373630313339623933
35663832356332303839633261383332356137366135326561313962316662326563366334643439
34656431663561646633366430626136323466626233303931336639653231663466383031373632
37363538383333666363323635666437653763376435303138366332313266666266646230626561
31323933626631643439653035633633373936313337326238353236356537376130333437303630
32653238613539626539383938633037666635353739353466653438323632383662613532613731
33323431313339626137346231343364346130396266653739386236623234353936396239313165
64633763386336613737636332363432653630633332613331353032616631643736393866656431
39316636663032393237643962393434373439386636663137653932626565303262313937373861
36393933663663663763343838613839323765653036363662343832363431316262373038656431
32643762613432396634356663306436643132313437313762326534633662326636316233336439
61623332343362346166623931633630666233383138663537383732396263393434306461633063
64616162613132616161326161653335343063646665313532343462643065306263313636323262
37613833303933386338326664386136653330663264653866623365313866326533316161383234
32633135393235346531306635303435653634626632653561303666383836366365613030643536
30393038666436666537393139326630646638313930346361383462316236393639323036376431
31343732613035376561326266386439656265386530616365323738613135396234643234633330
63376366326437323962646533346532633133666639306566356462613262336533616234376337
31633436633533626562613735623366633930316465346336623135306163643064393535633361
32613134333833373765376336646663383165633863363936376237623064643563323138646263
64666530653031396138303631363139633336376534386665303263346530663831313137356364
36313131316531666362306438623931336430613634333033643562353238633838366430653739
33656633633535386337616538363236323233633831373931613834656466373563373461366430
33316431376337323032663531623637383036643031626235303862343061353264313861616562
66663932333166663061386334393839373432353861656262323562356263356637623364306439
39633037643366393730646366353965636535326133353836323866353536336366636265633236
33303332646562376636333538666432383661316331343362313639376262653536643439393463
37336339633861633739663164373431613833373639373338333330663263646564363231663565
30643565613633323038356330653238303935396631373035393666313039626131303434656161
38363732396562313034613263343966313835623461616637393164353764613238643464323930
62343162363138636661666464336537366234383033383664363038626131386631303633326631
35373535323933356230373332656138633739623931353837373437376637366633303762393532
39656561633763363537303838666532613530303062366539346663306332613631613363396332
65643030646335666431663038653561393337303366373231353165373939393964353932323763
63396562383864653030663564383162383266353739653462323563633639386562353264356363
38336663373030303732303339623965633133623631353939353138633866306434616433336130
37396664356237643063343734353533656639336263383935316365663031616234666539643036
37393639633463323734663437326163333866363138323836356439626164623733646134363566
39393762353361643337313631366530323561326261303963326433353936386266396430656236
33386432396264613166366465303964666263623138623438656336376365616662383931383462
31353333663163363336346336666631366533306665346564326337353062643431663461626464
64666339376163306661336665356531383566613735306532383463383364633039353961303761
66363638353834383461363438396632336233666633326333623631306361613530346164636465
65373530343231346261613562303362653833343062663231353661323739613663333161323065
38323835316364383039313535376362643437323563626639326336613830373766353231633733
36653035373032626337333534363437366565396431313837333863303161383962663663343633
34303962663961313838393130633063386535663565376564323165646363326165636236343534
30616164363339653439356164346235393233623862356336663238373733393532613864656230
64313538346331353837366166663866336663383833323863396239313239333435343739663136
36353963376538646532353138373563353335613930336239613935316137323239623236356465
38353539376434613435633664666139396266653764343935383632653230303565623232326331
36346166653736366362616364303165346432666466313361646361386233303236373065663264
34616163373535353232303561313765666331333439316164303065386463326635633736646430
37616131393162313736333033636231316237333633383161383730643137333139636533383065
30326462346532373939663563363037666635646430363031656232366533356631613864306363
306330366263393139356639633264323136
