$ANSIBLE_VAULT;1.1;AES256
37333037386633633836396231646536303662613935326165613163626363323038363966323033
6161653364373764646634313131623465383261323438650a393638383836646261303135636333
64333335636361383331353731646136656535313065306266396565383263346636356537623761
3731633430396431630a333330306161303135366662336239623531363866643634373437646564
30373237326535316133376566613861373061633438393736333139326339326239646363333439
32386635393662646634353035343937663539643737373930633134353033343165396535333230
30326239643436353930633238336133383130373761366237333430646564343961643433333161
63366233333264666336326637656562373439316363363132363961323530633963633763383664
65616232653837643762316233663330323339306137373061326533353763373238303566353164
34663564326334376638613536666337653030316133386632383537643664666163396265343235
37623162373532336462643939313266313833336337386537333932303038303463343032326231
64653966613662363330666264333864306134393032353866313265623965666534393634343832
31616536633337316536353037663761376265633334373133343733376633663963373134616662
66303732666430633663613138653633396234663133633030326266373065306330323830356462
62666532343766306564643063643637383861623939343731376631346136633162316334373733
38336163643132396331323362313332346434373834363330623331323238616661323137363532
35336263396633343865386238326335653162663434373363373063393862666366303835363866
64663661656666636462623236316136306434303130336364646365653837663265633264633833
30366139356364306130653262636234636463616239373238653762666665393238306432613631
35646265363938373439633432353138643036393334393865613139353031396434383436643837
35323035663666626461333231633834643834373562353732323030386638613262303039663130
31303437346238663533313261376330383735323164343261316662646331323862666535656561
33616365396435643931636239313065663837633430393365383530646461653362643364373465
36633434613630613364313463323132316666323562386534356464623864623066303861323333
61373236656231356264346135313865356564646162363335383331356536353661656238623365
33373965663365633438383065356130393463363631363735376437343462336164356362636436
66396539316531646134336232323738306634643539626539343931363033323865663233616564
32303531376536383437396132363538656364623935303035313139366235663532663337366239
35333864636337666465666231353432656164633463333761323966313166316239396635383736
32666133386132363734656435653839353463356435633239353934366133333465343834636335
34626136333465643332383062346164373762613062366230616537323531346133313361653433
61363632663963373963326565313639353661626533626663663734326163303634363039386464
65336666316164306662633834313239653266663335613861373831326134363661646265333932
32663965353936343538363838666661383265636564383765623339323137383265613238396239
31636539386265383336626361376263376335376563643731383963633631316331373835646464
33306233663661333261303464666235633437303937306538363139636533363162633036313563
38383839623765613262306439653231313861303664396265663966623465376465376338306534
31383832663238393965373132636133613562333832343834363039653566303766333738613733
38643163633261616463383864386264613033623565343933313366623663626462333836633136
31643161626132373736356164656131663135383433613937386239386564626366633332303866
37653866663531383261376363646461383863316135643932363834343463393237663861353561
3034653662613862646337663161613837313465306163616366
