$ANSIBLE_VAULT;1.1;AES256
63303764633964666532353335396439313638366666653431396333363835333865646436386239
3134393163376165373233363632623366653034396630630a636239373963363962366366666263
61663237333763613134326432313361643865353264636363666335666637663337393733616663
3733303562396466350a323738663061616235383330306666383166663732353462363836376266
61663666363138343962333839366665643666313732636664393434333639373765303930353761
30396163383266373531346331343731376530613933336362633637353963633731343831323331
63353932343439336463633033383239393861303963353136326531366437386361393363373165
64393637373532656332646431313338366365656238303664313065303465613238306430636537
64616136613837656639666166363733316434326435376538623465656365383761613363373639
33653732333533326437633761353631636662626338643033623162396138303134663561313430
66346564613337393439623861666164356162323164303837336439396664613964613537366636
30343063663262626561326635393065343330643834316262333733643537323630303361366430
31313931303030653538323765633761376362646664336364323238376535646237323834393363
63383263633037306135633239653263343730326664656438653834316435626536366136663061
62343130613166623862353535663131396365663233346462396134373566343637383662343433
30646366313063326435
