$ANSIBLE_VAULT;1.1;AES256
63356461633564643661326263336364336338613939353939626534636566306137363466666262
6439396533306564363532623539353832316535633237660a623564323637363861366366666537
33386235333631653535646131663962653239643833333166353633643138333536323366303337
3434393730346435620a383839656431343961656335386335363336386436303133633964316366
61313765343839653335313032316562616330633337623737376434313831356464653562356566
31393832346539386534353637643739613232316564633038336434613630333165353761396166
30613936303639326235386662306263613039366130313237626466656565353530623237646662
37373136643033313361663864386438313861376533633835653061613839613531313361643332
65336439666262346237373230383234353336306465613763393662306666363637613432623261
33306237623063333562363834336264343138623531373234336337653462343362333237613263
31363032653735393033373730626539343736656630376361313365376530623334333862313365
62643039383761313234303362623965356637323062336463623264643836323838333731613235
39643631356535316565653161363335626438333732613139346433666536306437316634626363
35313763303334363733663231313737393331393737653034303136613133356537623532343237
33363239636435336530356635383632323961396361333239366132373465366565363463393730
33303436343733383662666136623033323265393263316363656463393430393832363233323436
66336634343738666564326635643633636235616137343266653231323135316538666639363635
66393364373335613236636238353234393961323735376363383632656561613639626563626461
38373038383762616461343562376566363330653662663034666234313037613838366131323333
34613232616334376265656438636262333235383766323565363136646235323133346138356663
39393433316266363132306336363864323062313331386338313266363436663336363737333336
30356439326132616465383038613865336562313238373961326161313966633836343861323936
65313939333435653534373933613837313464313663616330323739616332366166656133343239
32633532316636656434363062643964623962373734633435333661326638356137653161623437
31383264313935656338363763643938363361363235383836653937383435633266666164666565
39613331336464336334343931366431353036396365306332373339343365353832383966623039
66613965646130303036356539366635373337356565623639653766353733663233616665386665
38636531386364653765323336336161306130323237323064363266623239643630343161383535
66336333333736376630343731373562336633353730643437333232663438636236303937383563
62373032323336346462663139343335656334363964626565396662346366656363626363323064
63623066396137646338636630356362373834306238613566343432343463323865323237623735
39343939336335343637383630333062393331386562313038333661343437626537343233366539
66626262383135323264353634616664366132633932633066333666346463613765346366333163
33383238326263363235353535396564346334353030633532636236303361326439373864653463
39633462393130303466666365383066363331373437653833626237343830313732616261643935
34306465346139396665633731356461643465363132383064616431623261666130643438363938
66646661663166373364386532396337636166336363633737346663373236336233396435303162
61396132316231363930383465376365303531353161316634303938333338643565643533323863
39373564633563363833343436383833346564396436366330333061343465653264613234643439
38653364313130623163376431363535393235366436316264373335366238336466613564303664
39323963346462303136653635646137343531353063643230393333643730333461616438656564
38626364323735643065373563363936663032613734326533326138303031363937396638353932
64633866313764663431393561316438363064376364333932396534386534356232363463346161
39326538376230353064356630386338633463343735323239336534313136333162303736376437
32643165353761376537333935323938613033313235343237303763316238336366326531303865
36303561383532323865633538303039613335393533636637336630623535663033666564376332
62386432626631646130323865623061646363383034313436306265663433623263303338343538
32376130393930633366663332643137653164646639643531336337383062353737653563303233
36316463353634636331623266623332623362303862333138666532626464356436656135333738
33336163656533616639656666316466323932366462643265383636326234353764383339313436
62323532393162643065366436353961393262666234663132636239333030626638613030353839
65343836383635623839633466626331356238643133646366633862653037303666363837396564
65616333383435343763366238303461633632356232316133326266376662383638643337623536
37613233666565646339656232626462656564306666316330303462623065663164356134353162
34616361393766363064353133313237396238383965663666313666323735623533393963386136
37646537626461396264353638343163653664313831376361616239303534303736636466373764
34613336323831383035373834303565306564653035613036353330316164333266333962623433
64636362383766323638616336626661643332653932323636383431626566646237343162323262
38353136623561633233316638636531616539333830306466303562643238636132393833653032
63643633313065303638326638333865393733646436343033613535306330386436613132313665
31393935343335386666343862616638643834636666313838376635633463613365343038326562
36353165326534333632653832356637636534343236343666656561336536613336663365306666
35376537346566316538306466656364383537396131313934616636313232336364323534363639
66303361623839353363623537643736343530356465343638393864333031646133396539303333
32643134373432316437613334346365313339386638373063613131373831366632316566656364
31396638356361383363323136343436623937613661313165663963666266393038393464346631
66623236313065393036663664636537353534643062323134626161333939343233613763663333
32663431396130373435336462383366643865623338636162316133396636376132633130633461
32653432326431386461653733386638656131653964313666353838626561383838616630313563
33306261343165346337653062623561313334623939373463666530353430383639646261653439
37633532366265303536376239336433663265653233336636366236363663626237343962363032
32323830646564386338376138383462306661376362353462386562366633393763303362343739
35373037613333376534336336323961333438643663386532643838643163663361383563643132
32633364333638353237396366306662393739323636663537343830316463663035333234356232
38623838353461613532336363646530613337303461333435356132353962646462353063653338
62613933623135376334323233303864376131313561366238323666333739336265346161623864
36333662616263306661363331643464663836343530376233613239366136383834353233373262
32323566333464613266616139653638363761636262366565363063663232316233303635303331
39346266636231383334616465373237353637363335653764363363633266366232386463636438
39376465646636336364643037333733353763626136663864396162343263646637623733366332
66303438653932323338323532313535383330373163613966613333663535353732326336306337
33313262333534326536363165313162636632613536376135346638343661633536666531613036
65393361636137346534663034373362633862323061306563663063626166336561663438613864
39613765626166353033343861313131663534353231383335343730303233303137316137356365
64353462613466333061623032376265313564633433363138366438653335366633303461366365
36366330323435396633343839623361613039623466656563343137633165633262323531666563
38346561313562636366353237303163303238303565653632663936623139376638326263336162
65303138313261633765366163396563616339386565363663333832313162666335623732393464
39386661323933653637306439373365656131663438323031326362373939663732376434373465
31303966373164666564396564376666386634343630353361636161613664353234613136373930
35393139333766316563656431333862656335336637316530653933623538323764396130346139
34373437626438313266613865353434356164336630353630616233646462366363333733366234
34306566363663363230646661623861656136613438323763303030316266323266386433366331
38663036633366643965623365386431666262323532336466653735666534323865306639653035
65333561636637333732333763653463353466653535653034336461346130643630643331383634
36333333366636313433323932646235336239663535656164343762346333326331653735396461
39303765656562643132383236613161393638386530306636333331323735386662643936303538
37313034363738663763623230643733366161666165396464386531383964376334316566633138
66313633353932393762303231343830653239636161363032333337313832383137643261666231
31633132363261393933303435643334383638383137336465613338373835343262616534643933
32643039373632336537666439356464623331323665663966356235393330323636666132383162
35376561396365396664333961396236643763313937383235656633653035363963333761346534
316230366635653136656330376131666430
