$ANSIBLE_VAULT;1.1;AES256
61326134633961396162373139653563633466383364346231386366313266333564396130316438
6165323866323031616434346632313937343632326636610a663963316538626631623639383834
33636634666535383566383664323433356333323064343638653936373065353932643062313364
3331643564643435660a663234643032633331633030326631323563336366613535373365353432
34653565323538313034383863626565623462363063643039666233343832326633346265373065
36393933653436386137646338643239633832623537366436376633643130383866356562623638
33626137376535346536633766656263323132313431353131346231363263376164333639376434
64333537323662366163333937323738616435313266316530396462303835366363306162613566
63666131383963646462316264336338356434393463316364383463373139633365363031336433
30303332636266623735663833643336373563633661333539376331303439666261363837343932
65666561616363666162663933313838383662386632303638616634366163383736323734613632
39326539633766653934373130316235393863356263363730386666323937643163643866643834
35303835636336663136383163373966646665376231313836373338323838656133353635383361
30646264336539393464616530393335343434363663396561643539393938353038396632353237
33393235396531623633613132306135376431653139613766396561616163396263313932383434
30313532393265333262396166616539373263393561333139343666646531626533343061346531
38306261633431623334383039303233396537663166633939343434346434613634323965396165
36623434616563353930353865393431643866356233353038346134623961376633663534316539
64663363653565313064383764383037346135333232343666353737623434326162633063333633
34346564316262646339626364333532316266633836396266656438393063383862303338313935
36646136383338633837646231353334663161396461663463353165626366633362303334656335
35386338613337376339313963373630346463306464383036653433653961373537636662626563
31336231646164316439643530643261326565363438633934366338663334653863353736353066
31323436363634313466313938613766623462636166656138336535636530376139363637333234
63666166386565663233393639623835623835346232663065666139333137646637353964633236
36643765326432386465303038376662383664623636623665333236626163303033643431373133
30633634336632616633623765333238633234363064666636653734333033306135636663653034
61306165376233653332663266353033323237363865323061353865333462383135663531613663
31393666303264653536343830626338386333373734316534653837623961613138383239316531
34363832396438613361366433633066623438316466623466656236396333366332636362663134
62306131623730336661343231376530306433316539643561356335613834353938303563336166
61313830353131646463393964343135623665396664643632396132353632623636303737333533
39616137653638316430373237386164353634343632316132633061623038386535386630613137
65313963623232373230323962626332623030616130343332653637383063616462616438333163
66646633646362363835613036316562666432306639663136353436333531303061633764363061
36653630646264633236363063363139636661343334363234306166303339326363636361343034
64623764363632626361313865383031306563373261623236383035323730336533306266376663
31323165323662653361316639626338396232386134323531616162356537363139363863353434
33366334303434373066613830633765656334303738656463646562333337363661666265326535
33326437316164356239653261313164343238626638613231306661336131633039646132356237
35333730613730346439303266323330303664623530306530333962636632613339303665316565
39626431643738396236353539343038663964303237346334643635326631306530343935633864
36353333306366643866323562353262663639383566633539363332306561353062316163343636
66356363616330373865633530616131386336616365313234336631303865613936663337616461
64333836656533386638363065316233313865366232633436383836326464663832336163646130
34663361626631303436633838363962613732343833306135633536363934346465353737623162
35363237663436363563363037323161383639306164353236626635346231343434396130343732
32626532373235326537
