$ANSIBLE_VAULT;1.1;AES256
31653538386235336339376563636437343438633065353366353038373634623135386339656235
3864656639393965396433613165343236333735336138660a383537633665623464663035623539
34353739643231613166386364633264613738653462646433336433613438366265383737386264
3536663731366463650a316462636231653932313131366161656232653035373232656262313738
31363238333339613231643636316565626132653437343961373365616664626164643961356563
62363138636162613730303566356535636439303734396264363435346332303264343535613734
64386330646331333165376133343233626666633962623633393931653366333461346164326338
66306462643163303635343464333438666333393032393630303162313938653330393864653232
32663162326636373933393532363730386537353361323931653061613765333831386237353134
35343565653133616530323835316238353933386630613034386436333231303464323938346664
65643039663933633732623063646630666263636335626233333562333334643361613665656137
61383139616138353966343564386535643230313830393633656330353164396133326230393361
36353165373662343339326339336533386636643361396263363765393537393866366662306461
66353434393461336530376431613464666362653431373230623837613961646664303961623234
33623439383761636666646537363064303064636130633761643064653338623736393734656431
35366637343465383663613538323533396566336532326262306565396630316166333832313934
31333131333066633462643733366665346432303432333736313861303934633263663236353737
34326133613335363064656666616366323963346432346566353330306464303764333330343839
34383235653139316363373730323739656538366234333665316635633465386630666132623465
34353761666464323861613339326166633637363539636235363466303737646632313139353435
65663838383837373435666265656439336662316136376636653361666435616439373830323232
32666235323666643038333237313861653431323437306139623439353135336364356337303464
64646163616332623036356162373738316434393234623034363533626664356132643134653465
34303539393163653165353765633233306132343830376330303866356433323235376533303234
33353330306532306638643434666264353765386161346137313665613364346138353239393734
39646438613264313537356362623431343634616165663165313530383333633534656566623139
62303237373530373235326437373463333363356635366334656634323161343839356261353365
36643137306464323232623034346235366561613539343737663661626236623832303932353737
31626532356235376133346534373530333932323234373363653762303362336631306635313564
37393039373062316362313938663564633533356239333766373433643366356237363865393938
31336334383838363564613432636132663961363864356165373530626633656539633239313635
30313637393836646639363761316134313363643734613037323339626330383431643439306637
35396666393933656532333639663534356366636464326334343137643038636430383761303265
63383235623234393364303638346338336434353463316430306463393834313164333433633166
39666363653036366430656335643431353234666436356332353465363133346337326336366437
35333237623738613738346631623564303436333337613130613965343237653038353237656330
39626135333537303238386366633562646633643861363133643761663939636131326538326361
36623937663062383663376261343637393338363133313066653562613033386661316263653530
32663065656631313335386463656431386137393639346238373365356263313832643663306139
39383261303034613035643834376566326138646266346562656537656331306362376133306565
36316435653364333832366538613964366163636661636561636236336236636664666532336237
63653061663438396635303531316433356639363635333066323139636661643362366532323334
33626437353237623332346234396361623237623363303066313962383735613062333363313462
33613934383365316165386131393833623363646431663162633732663065346432623562616438
62656232333362636237663465643930346138346434356530306430313739616233376339646637
34393461333730636461656637383333633263373361326437623264313161313065396333343165
66613664303362313765313735376236643661366361356234636366633663373164356562626636
66313961636638363463343664386362646536383336626336663931623934306439303261313163
61376137333630383263623236636461313633613537643562356635666461613133643238613531
30363135343263323261643737316664663237303335343836386531626638316436306132616332
36623637396231356166346133663064636438393630303635653832643534626637306136666366
35306262303766653164613063343233386461326238623063336633383338363665333730303762
63353838626535323334306433336530386166623835393763373532373531623361
