$ANSIBLE_VAULT;1.1;AES256
32356131333531396639353930616265386335643437373638666538623765613431393535346432
3139343138656363643837616237363164666366313066390a666235363064326430303536313434
61656465366539383739653165653863623232383535313566653761373831656537336535313564
6365346232646131330a333037643634623063323736356136646137333637663961373339613736
62646461376163363962656166343339316361383932363163623366353261653630386632303839
65343666373934666264323163623439616633646465366361386335323638383031383238383766
39323566666635386136316661366231656638303830396232643864363537386466323036316238
63633733373138616231613638613932636666366138366365613131356530626664643832373139
64373337646538313866313135613839613035366565353066353262323365373132363835336464
35623730646332646633623537343033326664393863366139353832663235643233383665643934
30356334386462363066316539656238363735393261656162373833336162353132346366326363
61666137373138366339643461373232383138303562663033306137333037653131393261373662
61623235393433323533633935383831316335343064613230373063353933646531646264346463
34393038633730333637656231613966353263636464623438383362353431313138313764303435
39643034616234656132643837663666363362386663353232386236626536613533366135346534
65666437366566663961363336323635623764666436333331653032633132643534336635396439
33376532383234363733646630363736383434323236383636646630343864323263313834646331
61343764636630356538626636663463633136336466313134353133373064376334633935303766
37643033663339356236653630623864386433363434336533316361343335396364363066636364
38613461313864643264636131376432666430643761376430396664393663323164336535373735
32646234306232626466383635396539366637633438336464303335643063376238373662333636
65313830656134323230613430336565386235376262663437373063643264343663366163336366
35373763323864623134323765303264633736373661303636636638373739656235653664323734
33613833663033366466396330383462653335393766333261663832613561316134323165373232
35396631616163633030336136303865663863333536666232313962363663323537636634316265
36663833643536663565376639653362376561373061626462633434303631376435646564376638
63306432623737306137373932626233313839306238643562646263363762313436386662323831
35326262633637396363316335393261343134666536373433666137356261353161633735333734
36356638343835646333346665343961613231616665643230643035316366346663383261373731
65666431623037383963393063363961333635646532343439643663626563653965396436316364
34353965663133353566316631616637346333306437616232626162343136356166333731663431
33643162343633663965626534616231356237643534663764653636376630393963666565626431
39653461373561343633613039656334646137376662353338336232623230333464316562396434
66333031613137336565623939333135303231323036616439616238356663613562633164323862
62653933623134633234616237373166393239646463626562316235346335343035653937313865
37323035353638613561396637333261323438333132666337313265343934396638373534306430
31663730303330393636643238633739363638623234383531336164343938616661613163383735
32643766323331303633633239306563316431376261323636616337663862623034373861383639
35383665343933623536393135633531366331326131366130633462643162343266643133393635
34363066333336353961313462373231303662646462653839393134363333313138646334373266
64333731376163303933376233363338383438316235323239393635373164363331373031336131
39343363613330653137353462663332613630386530653335366436353935636431643961313839
66396130663231386465663836363332303565343931646139393461326232396233326663343531
37303038356663346132343630343665323564613030383037643637373562383531353564343162
38353066343661303030663666326532376638636631656166656239653066363432613632616135
66333064636539396132336364626431343063363236343063626261333063386433393864653437
36393730343230386564326632633336396133643964656163336234363532353563353937373035
62623136323966643036626665393362633030323435303465313135313262343939336331666235
62323233623330313166623366393135393139383338666433306337636531383239366136663464
62353936653135653431623538646165313231343435373032346637363437323732333836376331
36386364353931333338666137373437303436356336373364313937353530316162323038316335
66373330643965313037663432383638613362626435626530616166663431343161366631636365
62666130303561306137663363383333313633383133333036613762643663616137
