$ANSIBLE_VAULT;1.1;AES256
36343031303934346538303162383334343835333537363264666534366332313336343064306534
3262316635316263653332383166356562633662373734320a653861326631383235363638653763
64653466383137373734376363373062663265613164343037626166303963643235343131366161
6132613332636436380a323431336664303566343762326263633136323965646336353436613237
30623630363461613337333633666564643536653935333064346564326538643039346566623132
33396263666138366461333961643036383962353433666136376233323064656663393064656362
34326333366239343365353531363831656166613162376365356438383066656332316230323065
31356632633037643264366538643637316135316637616632343838643431613936353139666662
65323165356661383131616434623232373331356166303864616263363135363264306163396365
32383064653765343265653730336161303239383030316636343663303339343630373037393937
64366264313635356436663065623537343963343539346665666336373964343634373737313632
61633561626237633563336530633161643865616164383765303331653437373062666333613164
39613835353731393465643561303765343532343138376636393533393037633564333032346138
31633533336630656166373536656564363463343830656438646562386336386230333461373638
35616162663635623534336435363234396234623466316432366339653465616639633837313730
65636135363139623531383066313639613864353539306165613434373733383830656533353234
3634
