$ANSIBLE_VAULT;1.1;AES256
65356538633038303936633363316561393964333837623266626433393966636364663338643131
6436386465643632613765376234303162386238366561640a666263323237383962623630653561
33383136383436666234663132373735313530633365316665313333386364393838376263633635
3431313532663966620a306566313531326237366535373938386239663665653331346430656337
30323538393436376330616336343263323738633036383163636531666137343063626330666466
65623433663263666462613034383132643935643132383636346463643864396639666231613062
38633338373539323537383461396265366638313930666136383239393332396530373863643066
66393564613036613733623533333039633864363839303430383038616331343832393865643835
66316533663439323634633433393334333434353236623661613130316666366632623236393634
61363863306166633636363035356439316630313537333236313139653561653466383835303961
36316130396662303735383537333838363562336264386333336232356639383338373233343238
34386132663734643861313761383461663239366361383233336463636564653762633231313535
39386663633236356362396631356165353466336363376237626361343133356366326133316262
33396663316137653061313437613331666664666638643232656163386364343237366637343034
37323961366164366136333163316334663161303833356532663234356463313130313332643632
33343232323565373365303437336438366537636432366265636362636465653631623665333461
38366363336562336230656139633133303630633636373462643234616266316464366635653230
30643538316438643731393135333737623733343463663432303033623732323436623532333539
65663964316661323236383336623361356132643532643966633733316261643766633035303634
65613636326336356238353635656665393865616636396232396532356263373261656334343562
65353732303766346533393235396635323631616432653161663035643565653139633338636132
36336431306236353166376332316662633435656237663436333761646339363362336431363233
64393637383237643465386663646266333631356635626363336532643034396564666566396561
34393865323132346436363564386162356432306334323434306431333731663131323039643838
64393735646236623839656232666534343137383736613632666264313537663864343338383164
62663632343837393066616135646663376231313336643532386139626333336439636237313166
33386463376537613237336162613563343333333936643732343236336234623164383338336662
36316237663030303631336330333566646263323137333136313966656535363664666361366265
61386436353539643534343233636331653930616165626261313337383864306466343136313362
32336166366334646231653236656166646564373163616363306136633035333065303231323131
32303939363630656239366465656264383239326634383532616630343437643831303865666366
61356433326133306138343665353438396130313433643961326165376536623036356135643932
61313165656636323333316133356431313565383031646265333166613938343436353532623262
31393337343031336431303933396366316166396635366331616538633638333832343966376439
66376162633064656436323036636439366631623239613136346337346136363264666236656233
66336564626335326330373433616265663232376231356462633032653034363532313837396539
63643334383164383135373461653034383063386134383963303036363264393530643434343734
34626462613664626163636462666539333631353334363761393534333531356432643762396334
32656335616135633637336435363730346461656633393835643034613837336564616239373964
31396139383965326562353435306336336363326263323361396235643733643764666161363565
62613831366362356334323030623233646131653833666266633263633863623964656566333237
61666436326334613837326365343136363736663964373938373732336239356533326137633138
62656631393634333239383365646633653362613035373030353164313765366464653234656533
32663862333231376637313765656635366632366530643437313932306564646334356665383534
63306236303965316231356132306562316161373332346664396466333466613064666433373661
31326237613534386630323832313737383631636661633666323566323130326631376533643038
61353930313965343936393731316534383332383466666132623731386530616237366234636637
66373162336637306631303866313437636461363237306636366638396563366564333433356463
38346261623666353434313261303235336632333032616436643533633663333563646265363338
66646561363564663835343865363865396533336366643361323565366266323765396539343665
63613265633930373738636665373034326362643633376561616264613135656462663831353132
63356135303838343432616236613761623561306231366134643830383536343063386335656534
64353335376232353434646231656637613339316635383134323737306662363565333962373836
35636666363765666165613164326331633538333964383836626265336230306633316337353538
38623365373564303836363637643631343932623336653530626233383730313232386136633766
37336134646630346238366331666538656237656335333862306232666638373764333866633032
38336436626635653766653463353734303264373732663165376464316238616165353639643336
36333437393963326663626431326561633762386362313633623039636336363766646133366635
34336135613666383838313636396234623638383831363939323834333938383735343237643536
64393265646132636531313264323130393463613434623563663833396533663865346630373437
65383438326432643965366330626364663533623635326265653236343739316165616432373631
63633438613034356433306564636165383932306235613934633137306666373862336663653531
32663739373964643331396538303938303236646133386639356532323138636236303731393035
36626664346264306431343264303230303035633437643439666262666565666630376636616364
38653139333666393830386234633966343431376166663861656233323863333465363737366266
34636337323662343235363463643338313539356265303465303366376563373865626238616530
61623166386138653531613631313534393331616563363164373462393237653366383465383263
63613934393938363437386462633662333931316663373031656337313164376266633164333735
63326565653435373462343130376162643335303065376338316535653032666130613365623063
32313938633661663262323533386332376138383139353966623561386532366539613736316131
33366139313765376239646335386237373133636663653465383565616265346437626363663337
62326334346365663533343263653835343231353331343064313363376164646365366534303964
38386336643366323037613462323236353835643063353162313238373234353061306166333433
39353035653063306432326566653563363037353437366637663861663162383664326365336237
61343362343939623039333238373065373734343935316265323738626136346233663864323966
62386637353435363030303964623235336563343262623334656334316534313537623236313433
63323630646434303335343533313666306439383533363535376635316135313135616465396235
32306463323834363634363330383039663133333431363031373637356330356134633232626638
65663234386430663331366332613738663638393139303265356661363232376533666565393038
65616366393133633038313861383562666633343030666565333461643330393231636338326364
64373931356663636534663535613537663133386136313362643562396166393763613462396265
30376638336339373437653539666561383934363433653736646563623231306566306235653534
39643165333962393336306139656139366635346666313061336532343235356234323433303237
34396366323434306361363838633164626461316464313239653565366265323839613230376230
63303939366430323433616236356465656539393465303738303537623231313431623736643866
62336466663965353838373765623434633364346136326361336439303830643462373837656264
33373538626562343265663430303236363038333834613635336361303761633839353763643935
65333261623362653337663039326634306139346661306337623634313437613634643464376561
66306261326230343737663236353831626437386365346138353536636466366130616662623238
30323133363036303130643062373530363436663033643236393838613239633038343332373132
39343264666533393039326463643833666130373966366432616337646137376636623066623831
33643039363966343331346230363530356337623339333030343031306434303530353537646338
35623938613534663964333166313636316236343066373163323539306634363636386265393265
38376361396162643833393131373530356164336534303837653130346133653462356164623862
30326431653635643333653931383666383438326438313566323363613461343037343433326164
30383837363465353934623731636536396536636365333334313365393562613265383230656334
64356430646662626332623030363463643530666635316161383862623661303361376663336330
38383661623935376663633534663663323666333961353934353237626432363761623138633936
36323161653065373631383833353534383735343638393532666634323236373931643630666631
35356230383862356561333332366632376330333230326562623664336661616663653835353163
30303936613030396363373339373731616361643461646139656562386261303136373664646161
61346539383732336231313239633766643539636461346162663465356362623033373339356630
64383266393964626661386234393063616239393136363438363939376536613131613662333262
33363436633731373964333765663162363531613666613965333163393064386337643463646230
31393432353361643934386635363533346433353038373632363362333930643362656364356236
39396534383834376462306539623431356564353037396436616336643966336538613330646531
65643436346632306461313039663535643166323930613235663361306631343230393834303431
33393736366432393737633331376564336138336337636333386537616232373361666665366639
34663736343565353637636236393862313031383235366261346466393562666465336133376364
37353963343537303661313036393434633966376565636333623561363933653833333936646365
64323037383161653564393036386163646363346533373062633039613735653761663839643134
32626436376132373437643433643865366534636462333433613537343738393162353166363166
33366339356365613730643532363163353133313638346231376135306662376331383265663231
39666230633137666235343331303061356666663264336538366532386365623630376564623534
37323734303136336262643966313835363766333632643834396363323132386232616565643363
36323263396566333031326461393632313137316639373037373665323032616634663639353462
36386538643662323630386437353365313934376537323035333462316664313838333664616238
61666663373461353934613765363061373337363662653265323931336465363735666365663436
30626164396361636636663164653865663962663962353865376361363337636535623663633562
38396264303932663531633738623537353466623165313362383430646231646530313731613330
30626535633531333364333963396566663432663833343265613763306139613364653732366430
31393266393537373937336635336237326437316131636536646232323433326238333932306564
34373132313831303435336338346162333164633536653364356230336439386235373738646635
66336434616638356466393334326461303564336165646434346337396466663064346636663036
64363265376634343765356232616362336566636230306366306163653838663466323932363133
63313338343238636236326437646365336338663334323533613735623462343634343635343366
65623535313537353536323335386637323132386232353337313133323630303531323731613034
36346662386233393663313236333139343261616564613538663865646132313363363637376434
34646530366462663633613130313961636234316337366366383565656264656432313533323031
37383331396332626135373363343361313932643633363332643834663163343566303961623837
38336130663966346436666265656437613066303837636461376432366166363636613933383739
62363933386633656666346661363764313531383833643662333462636335616137616531373035
62323137366331323165376431633232396238633966303163343138313461363430306139346364
37383037323964396664633663373063323436666237623062343865653030326238633066353364
33663836623761306566613363643038313233393635623333303436396237303030333732303765
39366231353436313432303133323332346433333837383062306638323164666561646533636664
65663032366439616433663435396338663238343063313764363837393263383235336638326131
62326237656232323831343966393834383166383966623936323266643765393636633033623230
33663839376363386466303732396338383437643161633565383232396564636339633266353463
39663039666434623835396239633863343164373732613436633866343534363961383933353036
34363334633066386537373336663037336331333134613366396636633163383036313864303035
34383665386130323332316331333466643361663338303336643635326234383534356435626263
65653063613961653636396333386364653162343139303363373030343566396336323930316666
65666637303436353031396330633234653763353065366331396532353330376561623435626464
35646366303836316535366436323136666236656232623230383735636163383964383633336662
37366463383038323037373039653135363631613462633062333638646666343739323666393365
63336263326636353231313366333763616266666361343035623835393563336135366664663038
64326662303062633836346638313163353766626235343039306336353161633030313239323730
65363337623337623239313466303631633662626365313632626265356163343363393264646335
66303862663261306430363364643033336665366636306536623137323738633735643831643337
32633562306163666537383031356664363332316437653261376464643965616661386362386163
34646363653439383539636439343935393565396436373633383363663738626431326339653933
64333936653562623233376435306535656664383164366364633665373139306337316434636664
33376538646136653164316435663665663831303862343864613336616239623465656636373631
34616665316666643261653638326530613966346366656134313462633939303639613039666365
37636230323162396335396236303330656562333862613233663362376637393535363238663230
65316330323433333465323763653961623239386537343935323338366232306436643631323564
34313662353934653166626537663438333433303330323561306564306538653834313965333233
39613536393831323639313836343032396630313561326261636532633864333635376566656366
31383064393864333434323662383563343632363362333436343036373832636636353434646433
30313834643239343465313235306139306466353662326139346538633265306662343065376563
34666666353636303834666635643061343639653261343762306663313130363066373233396431
32656363356231333436653534323435663364323734323238383265393132663761393732386436
32383364373235356637306234306230386236386561383538393865373766303863383937306533
33333962653634656439373435633433323366323339363961363665643165306239633662323566
31623339386161383639646438326463636161383462303461636639656265376537663534623764
64633866333161326463326330653337326666633036343633613432393538653865343366666563
63393563333834336261373236333139653964636430613534643766653138373633643134313466
38646235666232623666646632393830346435356561393637653135373132636263343730613835
31613433393664653365386265393766376533326338346135343532303130373963666463386436
65376133373133643332373865393765356438643735363366623163306437313235343033376162
35633863306532353764613137366538623364653337663033393137613066316366313931336231
34376632373661326532353039303831313536343633366661666339636530323732623164323461
36323030393137646361666163306662356136303566343561316138343465663563326565666264
30356234303331653934633961623666393936383838366139323536616134316530396337373966
34323732303164633761623762653562613733373330356135383461613638323438393161616436
32343566613631646435613432336263323363643133323363353036366536623263636138363361
61343933633632653765343231613964306437336165653163306635666639343662376164616665
64363132653135386139386530636333343661636438613737333462663932623037386234626362
39353961633830613039383332623639376239383433623231363562353365646465383539393032
34303562643564353730303764646136313062303964613266333065656633663335396161353464
32393765353434643936323633353564346137613133323036336662663934633530643764353638
61653361643765313263656163616230343736336335356539343834313035326363363635353333
63616661353130346339366364663434616266333339663539633931396435393266333264623663
34636437666161313435383332363032303834356337623234373431353462613739653930393337
35386439386532313062323935623263363661353265313962336430626139373233303534616362
35623638666534306430656361383930313766326139353930313336393338633934353832386239
61613134353933333862616663396338623666363736316137633063353535303661653365363462
63653936623938343461643663366132643331666336646635386466336132616366383462383938
65346462323364316236336661316361626431663436363964373739323730306266383661363864
31393062643961313733373763346537663337626266623063376162333465643632303339653365
36376465313535356237373366343162353733396463373630623665306564383330323262313964
36353239653931313839363363396463343039363534316132363438646630356662663937626434
63383431383438356430346137303435393734326261343838333465333635393035333031383733
32333862386237653737336435303761633137353264663937376165633038623535666233653839
33326662303035346238383762613939326331306463613666613062643634636436646131623039
39343532316532363039313639383030616461366433343066393837623839336136623436343332
63316535316139343334333632303036656563343937333963323535663932653538326533306539
33313335336134366364633331333035366534346433616261383739366434636665333164633830
30623863626263343630663963643632393866663736393631613161623732626539613263386238
31643532646265653035353365643633653732643636343437626635303863373830663736313730
62373238343064373533343261666439316362316166343139623537363633313564393961613161
61383232316366376539306432326430616138393761303037623539616561626630313466353434
61333630616465646433316535613132373531353566356461633538326636636538393334346637
30363565633534316138303030656166616633393331373765623731343461633262643733646263
36363139306230373632303238373432343635333763626536396630633864323765613235393836
36363136373735393135373265393034666234353563633862346138373563386531306534393963
30363561343932396664633838333635346663623362373535356162373563306534613236366435
64653537616235383063653261363266333861303665323830383134383738653532626532383737
66653939626332393634396136343835343262623261663132643663613561393365393033396566
63643033346634376464313131323166646264666661396462346135663738316638653637613564
62643738383736333762616536303162643730336132313362353461376462393534636332313733
37363039313861343764613062333966323163346361373830663137303235333338333562653061
62666631323766326462363739326334393265383430356362306136623563363465366538326261
61653133326337396566313163333665386230393539653031613539333563326663323033386465
64386262333931383664386133303161346262313762653930653764386132303463396462393632
65653236323438643332396463653637343632646134363734363934336563363934663831333336
66613961643563396239663061623233383737303135366238366634313762626138343036396138
33346632333463373066346330613036326231633062373263623563633365633362323961653834
62626137386461646138396537316363653364376163396431373536393562666164386365633834
32643037313534313564363833383735333937623066383830666636613834313031356166333566
33313638383065373831366139323730313661373466616666616566376339356564633032396438
30653237653564656132623765343032326461666533666631373630653436356339626532323764
63313930383232326439303339386637353331343738306661306166623431366363333662613032
33666139303864353462623066623230306336303933623331663431633662643439616138373539
63653562613361663332646435353863623364363432343239633034313030616262663933666666
30613533313833643937653037303561663133633663353662653031633165653335633761396339
64346336363165363763363664383236373961643730333763626364613034343732366632613931
66323633643461366136376466393930333339656162393436356333393466666431323431326433
33333138613635363239326531333664303061616337356663336530303431663161633031383463
39653866643364343034323638663332313930623431666362326265316236373930646134643131
32616531653333313534333963613136396136333336333562363261333331363431326633633531
61343865623838373639396332653733376539356338353661343664393661323362316361346164
35613465653036653435626430306632616234313035613132316566383437343230363563623565
30373635636664306233643637366266303661613430333135613562636134383431313034626365
62366430303735623864313766356265303066343666613033373766646262376438336233343931
31353062393061323532633263343832386637366134353335643531326365663035323435386239
34663565656538636261663632366462343463326166346131656464656430653734376435643462
33343937643830336662646537636666633963633732653131653934316530643036343532336165
33303330333834313633346533626536303234373537383633353438323561313739376136346637
63396631623662656137643732363134373238653365636562396433313434306439333163643539
35623561343532386633316439646631313238626637653632646231336338373263376436383565
30363861353235663036396235636161316338653966363439313261346165646365313163393732
34633661316565333239356665376239326334306138376166316661623065343066346531653864
62383761363532333131383337613466323738386135353939663765393437316266323165646139
63656664386239393136653637343562633262613939366534376632383166303263636431633933
61306264623166623065643062363937336137376233323463326631323361633138626666616332
37323233306435326335323135643132396131623061646138633561303263613261383438383732
37623030623165646164363435373566316136366461326534373434663338343037646161653237
39363039363464663666393338333764643733396433303466666464393833363936626439383635
61336234326235343931313536333438323735313437633839393263323036313561663030613939
39346462306532303539366566313434353833653031316138383464333262626139646236336134
32323831306531386632396430666361316364376136373438313863346661656132633834306337
63336334633933343263613431343236633632356161303963346562383736383365636236623736
66363934656131366361653563663836613038633739373437343338313434623332613965303334
33396136623264373431326465333738653736623030383731653135343934313335623534333930
64616130646638323166343532623862326233643437386566303436316439646534333331353732
36326161303432353736393966386164653934323234643539616132656462316634623437363531
37303039333932323735633932346563356139343938643633616165663835313066313561303965
30656662316335666666333432623730363037623364636330396231343961353666323534353136
32396631343030336238336166633464333137646339663565663235623538343637353636646233
61633436386235376366376239623136333037613466626362613038326633396462366635616337
36656266313933366364393933646661626264643230323335616437313035633131366239373165
38646133666638336265356233323262393263346262616237633662663135356562663035383065
34633433333232666135623236316236346333666133363838386638646662633664396464616438
38356338353666313036636266393661373266393330343062636363353761366264353935343366
62366664303138643166643137666636366338633332616530326266363530613965613232613139
61316531626361306630333330326361613338613736363735623437616139336332313461643832
39356431356332326534653234313438623065663232323630343961373066333137383232663439
63336563653961343431633834396331363530336335373338353132656566623133336165366561
32353836623761653836646634396664636530333665376166353765393866366235616464633362
37653262313964353366653430343937616363653764623766383935373561356536323363653231
62326239323436656461353537633532383466626461646536623837636236613366663434666130
33646430366231376631356335366561303362636463373038386437613965666234326233326330
38613465613865643264656362376237356665626564393631613861326431343436316134633132
63363961333431623061346439303936346465333932353731646636353537646563636362383035
30303937663062353765373639336630396334653261313433343237666639653465393065376666
39393262336230626430616261643238633735646266353632373038346562393536313562666165
38373835626234663165373539323430376635646266663565353835306232626131653937633564
66663935656539636235373865616566363864616433353232316461376465363764386534656361
37326165623862396437333730613734376330653839323366383662376561363165323865306234
64663964323638303335303339346230663361396561366464346534356433646539656235643234
32396164643531363631326564366264393634383164633963353034306637353762663334343530
34313938383731303932626363613131333237343564336633653666373038333339336632353031
34616438306366363036396438396238306364343431643064653836393437373365323134353862
65663363313837393861313437643537376636623065396238636231363333363537316564393262
61636163366431656638323036636131663838303061653261643661323033306535333563373230
34393165343831376433386535666165666434623165613338373262343339343438623866623136
30396635333332613636613137353965663830383733343730623232643634386635633830616233
65343439386363373931313031326438356135663937643064303366386630363863343838303932
34343931316662373230343561326138323538323461356137323332656262343463626264366337
32343563353266656261343837646235643530633961306337313536336232643234306163613965
61633733633036643364326238303166313562653534343830346332336661303835303632353230
61643131656564633430306563336137626138383162653566643864613939316539653539386332
34386637386562316530393432363336353466333738663832653934363238346338643431393235
64353734353035623935643266363061336637336264383638316234353865306530353134633663
38656661386338373365333735613137613663363734323662646530666437306261373333323939
61363330323664646336373730333930386165373462663164613532323136613235633161363436
61386364613639646230653238336365663539653933373062343665663034613138626265626365
36316434393536656464326663343330356236636333373130303937633737623332336261656565
33663063343162626536346232303039393135616331373465373135303638323839393261333038
61663732366462323365346165383764333833336364633636623830653838663430363438623762
36373430343136633938313837646561306437626334373161626563613039633362663866366139
65666433326564346439303030396635613961643164313330363066353961313433653061663162
39663635613961653336613431373436376463396263363663643433383132313261303961653566
63303433373563303535336263303461663135396534326666613166326330363362666663663461
63356466323238343365383733376530613739623332353433363266663631626262616536666532
66376264653865373231363532633736626232343263666665613938383331623963633138376439
61363233346334656134663634356233666235666439323632343234313536663866333036666139
35376264393366663365646532636333613830326563653961656463646663346565346662333233
33643364643435356661333364396162353231353032663861336433653737323835373236653638
62633938383031646333613134613531316364373165313030616233316166663365353562653031
37333233643563326265323765663635313263316135303637633239373666663230333465303566
39306666623464353862396434616139313339333233353931323132393439623636633938656331
36633364633332323565616335393836313237333637333730626564613736653534643061333663
39393963396266616162323331336631396639323335336665316463326263663364366637653366
66653630633630303236383836666232306631663230646566613337363333663461363731346233
63396137626339303434376538373164336435343436393830333030643332366333393265383135
66653539353365376562653265386337643633613833623336303263653363623263303239336365
38333865353964333034333235313766333136386137313164303333366263303861656337366636
34653439333861373033643339353336643166306465373836343134393662646638346132376463
64636230336166656534613639633266373262653533663836643361633032393032613339323635
64333063393039333337373136303736656164643166616236653036343666373766313731396531
35333330333435313339353162663062393261313266313537313930393163316239336662333836
62646430633463313134653732333334626332323438363566613936326662363530323834336234
31346631376466326238373964343562653635326464616561636162393665373333323733323734
62633261613039666432643038613763666631666439336266623937376235623462653262343265
34633333346165316632643536396130646132353664626436633463356633346430346463643033
31636662336666616337373465623735383365613639393366316336653962373931376664643432
65393735643638636130363264343764613639303734623261613035353738306434376163643562
30343235373034346137643033386233623663303831373635373464323365633861616536306164
36653462353633303131643630663533393365313463333539303734326630303335343732643662
66386266396435323635376164376663333735623437363033363931346364666231336633356130
39386134383736643134373761306562386138343765623165353835333039373836316635353234
30313664356362623430373738363366653564356132373562613466323732323832393734373632
63323036633464343235666664656331646437306562656535316462623833346461373039353133
65643965353331663239626236636335396665653337393033316532613030353064313561363638
64383861356631366432343539653833636432306231626366323465313231363865373762633433
64326466363037623665653734666236396530393663306433376363393464396435316662326463
62646566626666623931326139316465323339646162313933386665623363363931623136663063
34383937656130343731663139366236653632363164336439643936363064653165376464623964
62313066656637303964326434373763643332666438336362613936666438343864663565353761
34376133376364666238353362303934623665653839636366353138336633383033643031326363
33323438343239613430316462616432363564383330363362643739363038663439306434323165
64643439353535643639653133633433653432646231346639626331616334323639616461646639
35356239633337383461323330656537663735366237323666376161323664613232336133326564
66663639616336376535303239363034376331636533633931373064313064323265386563373663
61653333343733333739346161303036376361626336313930653530653431393662346236353862
37323565663039636436326564333661373233633964633139353034333561393039356261316637
65373130613338633761313934336533366238656130653462353663366466613061663266396437
37346561393831313739663837396365373936666165666438383435313165313734353938626430
35343038323931356634643239616663346566306566356462326438623135373333373630343636
33343563313237646461636433643134393231386461393930623564633938303363363964303432
39643065353365306230343966306131306436306463363631306632316363643731303337636130
34316131376165663931656266383835663238643439383232336565663738366266383133386637
38653832643934316461
